1 0 +2.019584 +0.218300 +0.134130
2 0 -1.207906 -0.045394 -0.206826
3 0 -1.389360 -0.229641 -0.118305
4 0 -0.473203 -0.323414 -0.618479
5 0 +1.299127 +0.104038 +0.498347
6 0 +1.753071 +0.451862 +0.469340
7 0 +0.076991 -0.120567 +0.083475
8 0 -0.606119 -0.352232 -0.377283
9 0 +0.752374 +0.321355 +0.321181
10 0 +0.614118 -0.348444 -0.294364
11 0 -1.566761 -0.736445 -0.497207
12 0 +1.455612 -0.452526 -0.252275
13 0 +1.388109 -0.307591 +0.237607
14 0 +0.047997 +0.774560 +0.264150
15 0 -0.595498 +0.062629 +0.123231
16 0 +1.337459 +1.211948 +0.812738
17 0 -0.527924 +0.544506 -0.251450
18 0 +1.824104 -0.237113 -0.113503
19 0 -0.469732 -0.114480 -0.031945
20 0 +0.542206 -0.606031 +0.017984
21 0 -0.231795 +0.881019 +0.686594
22 0 +0.897631 +0.194946 +0.164916
23 0 -0.137801 -0.949456 -0.517747
24 0 +1.280395 +1.140943 +0.822886
25 0 -0.870131 -0.214353 -0.281161
26 0 -0.736331 -0.454748 -0.304054
27 0 +1.328932 +0.635882 +0.424197
28 0 +1.054024 +0.478954 +0.404016
29 0 +0.348654 -0.356879 -0.399658
30 0 -0.781980 -0.268545 -0.299784
31 0 +0.557410 +0.527596 +0.495080
32 0 -0.600231 -0.025279 +0.191324
33 0 +1.123505 +0.453100 +0.870255
34 0 -0.629499 -0.264757 -0.391829
35 0 +0.149169 +0.828762 +0.309692
36 0 +0.066832 +0.314791 -0.223117
37 0 +0.204094 +0.231549 -0.075411
38 0 -0.674038 -0.418233 -0.383119
39 0 +0.200501 +0.066844 +0.244338
40 0 -1.008137 -0.714048 -0.369883
41 0 +0.236431 -0.480613 -0.036792
42 0 +0.996092 +1.160327 +0.591241
43 0 -1.432404 -0.536537 -0.383721
44 0 -1.782555 -0.639054 -0.521131
45 0 -0.432163 +1.013904 +0.376342
46 0 -1.275133 +0.754793 +0.446634
47 0 +0.998665 +0.889924 +0.926307
48 0 +0.161397 +0.793368 -0.177013
49 0 -1.269965 -0.415848 -0.969717
50 0 -0.141982 -1.009022 -0.505829
51 0 -0.535161 -0.224739 -0.074579
52 0 -0.657680 -0.269344 -0.379406
53 0 -0.106613 -0.194955 -0.007925
54 0 -0.648926 -0.944785 -0.362135
55 0 +0.677027 +0.307998 +0.155230
56 0 +1.421837 +0.415116 +0.286558
57 0 -0.706885 +0.302557 -0.318321
58 0 +0.486349 +0.329459 +0.188615
59 0 -1.877633 -1.314620 -0.796307
60 0 +0.157156 +0.563697 +0.029345
61 0 -1.352442 -0.158115 -0.405281
62 0 -2.348197 -0.833473 -0.777445
63 0 +0.238602 +0.663453 +0.107133
64 0 -0.990942 +0.531874 -0.089944
65 0 -0.158098 +0.420864 +0.017629
66 0 +0.677556 +0.190799 +0.188793
67 0 +0.461161 +0.205208 +0.120721
68 0 +1.920857 -0.067847 +0.528945
69 0 -0.171041 +0.119281 -0.091686
70 0 +0.494814 -0.509992 +0.231019
71 0 +0.600023 +0.673752 +0.576295
72 0 -1.085822 -0.190286 -0.294130
73 0 +1.032783 -0.443403 +0.206166
74 0 +0.989041 +0.645553 +0.285272
75 0 -0.099379 -0.040824 +0.296100
76 0 +1.245683 +0.254044 +0.538821
77 0 +0.494436 -0.159052 +0.209612
78 0 +0.124336 +0.120165 +0.003257
79 0 -1.827191 +0.361118 -0.487307
80 0 +0.594412 -0.223878 +0.259482
81 0 -1.544874 -0.868442 -0.331012
82 0 +2.611256 +0.542718 +0.691823
83 0 -0.463940 -0.376415 +0.056150
84 0 -1.248197 -0.258524 -0.338055
85 0 -0.894573 +0.206341 -0.257066
86 0 -0.294759 -0.015411 -0.027131
87 0 -0.400833 +0.093729 -0.250602
88 0 +0.359704 +0.171300 -0.158464
89 0 +0.090011 +0.877178 +0.055323
90 0 -1.441220 -0.236655 -0.332093
91 0 -0.442414 +0.214321 -0.090111
92 0 -1.746145 -1.473582 -0.610923
93 0 +0.652733 +0.218835 +0.241608
94 0 -0.669008 -0.516803 -0.237216
95 0 +0.420231 -0.322493 -0.108149
96 0 -0.426953 -0.231662 -0.083762
97 0 +0.566639 +0.223441 +0.166129
98 0 -0.464878 +0.070733 -0.091510
99 0 +0.202908 -0.449598 -0.090463
100 0 +0.706064 +0.434854 +0.231550
101 0 +1.040653 +0.224502 +0.273246
102 0 -0.076868 +0.470990 -0.066151
103 0 -0.824941 -0.003071 -0.315326
104 0 +0.882082 +0.574287 +0.159801
105 0 -1.156828 -0.064040 -0.316374
106 0 -0.102169 -0.251629 -0.050541
107 0 +0.023929 -0.980607 -0.123063
108 0 +1.277865 +0.472775 +0.137861
109 0 +0.560327 -0.906956 -0.130906
110 0 +1.139999 +0.411818 +0.522003
111 0 -0.106221 -0.945990 +0.033385
112 0 -0.290697 -0.394779 -0.131780
113 0 +0.615753 +0.275689 +0.165189
114 0 +0.690725 +0.288468 +0.227405
115 0 +0.275363 -0.085428 +0.154155
116 0 +2.394584 +0.283626 +0.434925
117 0 -0.575166 -0.333750 -0.202469
118 0 +1.368835 +0.024475 +0.351991
119 0 +0.631207 +0.249924 +0.207754
120 0 +0.485401 -0.085480 +0.126243
121 0 +0.206019 +0.565419 +0.036850
122 0 -1.143149 -0.486701 -0.286950
123 0 +0.414425 -0.526164 -0.062398
124 0 +0.658873 +0.148974 +0.295880
125 0 -0.087484 +0.088168 -0.132296
126 0 -0.256691 +0.664029 +0.143328
127 0 -0.653850 -0.448437 -0.241656
128 0 +1.483138 +0.037659 +0.316191
129 0 +0.822979 +0.493900 +0.039711
130 0 -0.347292 -1.065122 -0.460847
131 0 +0.446988 -0.317533 +0.148455
132 0 -1.329351 -0.243374 -0.125548
133 0 +0.705356 +0.695611 +0.739644
134 0 -0.695262 -0.339575 -0.162509
135 0 -0.966325 +0.436766 -0.345483
136 0 -1.418846 -0.830857 -0.334908
137 0 +0.115482 -0.482516 -0.021451
138 0 +0.473910 +0.283344 +0.038826
139 0 +0.363839 -0.248724 -0.088988
140 0 -1.843095 -0.367799 -0.458141
141 0 +1.326967 -0.159035 -0.062730
142 0 +0.534134 +0.421276 +0.500235
143 0 +1.411312 -0.127357 +0.362791
144 0 -0.133930 +0.003754 -0.092027
145 0 -0.542754 -0.151153 -0.325746
146 0 +0.523112 +0.500748 +0.304588
147 0 +1.734720 +0.453035 +0.476812
148 0 +0.336843 +0.587153 +0.424566
149 0 +0.012866 -0.520438 -0.091557
150 0 -0.536554 +0.994307 +0.027150
151 0 -0.654411 +0.155785 -0.131723
152 0 +0.052403 +0.061957 +0.075563
153 0 +0.818421 +0.490337 +0.439620
154 0 -1.251997 -0.129153 -0.313890
155 0 -1.582587 -0.685910 -0.513698
156 0 +0.428058 +0.175054 +0.156499
157 0 -0.750380 -0.076916 -0.246835
158 0 -1.431416 -0.925647 -0.334255
159 0 -1.422779 -0.480925 -0.374292
160 0 +0.038383 -0.129244 -0.167192
161 0 -0.943155 -0.258565 -0.290525
162 0 +0.377505 +0.147487 +0.311597
163 0 -0.198215 +0.523645 +0.140811
164 0 -0.112600 +0.184557 -0.104170
165 0 +1.053732 +1.059682 +0.374455
166 0 -1.312483 -0.272629 -0.414133
167 0 -1.442865 -1.224141 -0.565946
168 0 -0.735975 +0.331261 -0.309894
169 0 +0.340688 -0.498905 +0.068314
170 0 -0.949033 -0.070050 -0.363136
171 0 +1.117300 -0.240407 +0.281641
172 0 -1.113936 +0.045349 -0.381549
173 0 -0.489545 -0.541493 +0.092839
174 0 -0.656931 -1.047989 -0.301363
175 0 -1.897528 -0.902319 -0.446046
176 0 +1.917033 +0.951592 +0.556441
177 0 -0.087108 +0.191177 +0.327541
178 0 +0.746363 -0.029145 +0.138472
179 0 +0.430175 +0.581009 +0.153400
180 0 +1.003257 +0.767512 +0.285720
181 0 +0.509494 -0.322136 +0.008901
182 0 +0.181790 -0.104212 -0.105484
183 0 -0.296370 +0.892476 +0.082572
184 0 +0.444489 -0.630430 +0.017038
185 0 -1.235590 -0.208700 -0.427683
186 0 +0.029362 -0.362730 -0.286773
187 0 -0.858254 -0.701724 -0.272694
188 0 +0.486010 +0.295536 +0.212523
189 0 +0.262447 -0.146611 -0.118771
190 0 +1.616509 +1.005801 +0.412283
191 0 -0.003453 -0.236170 +0.095370
192 0 -0.605239 -0.707751 -0.301775
193 0 -0.115897 +0.197635 -0.002529
194 0 -0.972587 -0.937348 -0.441524
195 0 -0.766335 -0.646977 -0.273461
196 0 -0.403397 +0.061689 -0.337749
197 0 -2.504473 -0.891033 -0.969548
198 0 +1.139697 +0.496562 +0.430980
199 0 -0.526955 -0.337327 -0.134551
200 0 +0.733969 +0.366443 +0.409427
201 0 +0.571917 +0.525705 +0.188051
202 0 -2.375757 -0.824335 -0.668780
203 0 +0.103384 +0.142164 -0.177298
204 0 +0.177565 +0.785193 +0.316168
205 0 -0.825248 -0.751046 +0.056906
206 0 +0.278699 +0.634636 +0.140994
207 0 +1.365794 +0.145811 +0.362728
208 0 +0.404988 +0.555288 +0.133793
209 0 -1.559534 +0.399977 -0.004105
210 0 +0.070768 -1.184171 -0.229161
211 0 +0.599424 -0.096863 +0.038373
212 0 -0.510125 -0.746458 -0.227493
213 0 -0.837899 -0.355933 -0.165710
214 0 +1.993953 +0.388617 +0.600552
215 0 +1.228634 +0.078005 +0.019285
216 0 -0.821653 -1.087490 -0.218402
217 0 +1.092194 -0.232712 +0.313423
218 0 -0.814798 +0.026719 -0.330817
219 0 +1.254335 +0.847392 +0.352505
220 0 +0.847571 +0.049850 +0.250484
221 0 +1.135440 +0.817300 +0.309607
222 0 +0.092924 -0.614744 -0.321997
223 0 -0.639670 +0.019040 -0.228380
224 0 -0.227825 -0.572632 -0.008857
225 0 +0.091410 +0.094505 +0.087160
226 0 +0.342354 +0.144325 -0.214305
227 0 +0.089694 -0.363363 +0.124011
228 0 -1.713341 -0.673999 -0.458880
229 0 -0.154397 +0.202306 -0.110080
230 0 -1.318852 -0.824116 -0.453342
231 0 -0.299436 -0.140220 +0.010906
232 0 -0.332641 +0.036511 -0.253424
233 0 +0.067277 -0.032193 +0.156968
234 0 -1.188611 -0.152545 -0.425925
235 0 -1.046919 -0.583063 -0.215031
236 0 -0.814022 -0.500217 -0.201015
237 0 +1.245690 +0.733006 +0.311762
238 0 -0.037249 -0.378305 -0.033201
239 0 -0.689478 +0.257326 -0.406195
240 0 -0.742935 +0.029505 -0.085030
241 0 +0.197828 -0.437439 -0.192533
242 0 +0.912966 +0.067528 +0.135471
243 0 +0.150032 +0.431612 +0.351284
244 0 +1.828893 +0.901629 +0.609664
245 0 -1.211377 +0.603317 -0.140411
246 0 +0.714586 -0.140553 +0.233280
247 0 -0.568043 -0.556175 -0.017026
248 0 +1.493258 -0.384497 +0.504863
249 0 +1.404536 +1.113179 +0.738582
250 0 +1.014068 -0.031599 +0.148717
251 0 -0.742488 -0.057864 -0.224088
252 0 -0.598993 -0.693758 -0.104533
253 0 +0.044524 +0.341035 -0.007919
254 0 +0.790653 +0.053627 +0.325901
255 0 -0.090801 +0.233255 +0.148171
256 0 +0.034380 +0.481343 -0.016363
257 0 -1.078982 -0.851621 -0.333089
258 0 +1.791425 +0.575382 +0.538739
259 0 -0.492885 +0.414300 -0.050927
260 0 -1.011539 +0.736051 +0.020206
261 0 +1.101625 +0.454678 +0.214304
262 0 +2.787000 +1.515845 +0.602998
263 0 -2.023814 -1.133759 -0.630051
264 0 -0.066490 +0.257625 -0.109213
265 0 +0.735589 +0.048463 +0.196871
266 0 -0.180448 -0.102524 -0.037234
267 0 +0.904258 +0.033477 +0.246419
268 0 -1.151163 -0.406077 -0.344366
269 0 -0.148006 +0.010370 -0.008187
270 0 -0.562429 -0.216736 +0.034043
271 0 +1.576247 +0.215720 +0.375457
272 0 +0.114880 +0.182809 -0.257917
273 0 -1.027625 -0.977160 -0.238105
274 0 +0.467825 +0.443213 +0.276647
275 0 +0.206784 +0.161312 -0.169346
276 0 +0.929137 -0.138056 +0.357498
277 0 -0.293324 -0.402202 -0.141435
278 0 +0.511501 +0.261992 +0.068288
279 0 +0.720409 +0.491328 +0.200658
280 0 -0.647322 -0.329553 -0.285943
281 0 +0.810751 -0.291256 +0.186901
282 0 -2.538998 -1.004177 -0.682652
283 0 -1.356177 +0.113571 -0.423886
284 0 -3.438588 -0.557059 -0.889425
285 0 +1.749967 +1.076216 +0.636799
286 0 +0.629923 +0.683882 +0.365640
287 0 +0.993693 +0.230768 +0.250607
288 0 +1.383536 +0.391179 +0.503878
289 0 -0.328336 -0.318792 -0.352308
290 0 -0.238150 +0.054048 +0.195198
291 0 -1.153290 -0.322538 -0.251059
292 0 -0.790904 +0.311429 -0.354032
293 0 +1.468929 +0.348922 +0.343318
294 0 -0.595750 +0.251227 -0.253487
295 0 +0.963188 +0.137811 +0.005086
296 0 -0.799600 +0.252564 -0.114987
297 0 +0.183041 -0.392073 +0.168503
298 0 -2.475860 -0.949144 -0.919111
299 0 -0.934610 -0.815638 -0.333886
300 0 +1.380016 +0.815811 +0.513887
301 0 -0.443603 +0.172764 +0.113386
302 0 -1.225034 +0.028438 -0.401855
303 0 +0.586997 -0.259370 +0.075077
304 0 -2.382086 -1.363976 -0.806374
305 0 +0.854938 -0.625485 +0.053078
306 0 +1.952352 +0.668758 +0.502217
307 0 -1.599063 -1.029000 -0.555035
308 0 +0.104197 -0.408108 +0.111760
309 0 +1.262536 +0.459821 +0.286411
310 0 -0.162190 -0.175670 -0.192075
311 0 +0.117814 +0.074196 +0.088228
312 0 -1.205361 -1.337860 -0.358087
313 0 +0.284148 +0.224217 -0.119523
314 0 +1.188563 +0.322574 +0.496093
315 0 -0.075316 +0.499208 +0.054270
316 0 +1.481152 +0.049808 +0.388859
317 0 -1.327233 -0.697111 -0.390020
318 0 +1.289347 +0.615003 +0.494600
319 0 -1.188038 -0.909703 -0.570542
320 0 +1.487406 -0.516967 +0.067257
321 0 +0.306357 +0.457428 +0.333600
322 0 -1.168015 -0.365728 -0.100752
323 0 +1.048901 +0.367171 +0.213698
324 0 +0.821562 +0.437522 +0.382863
325 0 -0.251947 +0.514706 +0.232222
326 0 +0.368074 -0.228539 +0.267657
327 0 -0.749506 -0.508557 -0.410971
328 0 +0.454357 +0.382665 -0.031628
329 0 +1.519477 +0.678963 +0.441842
330 0 +0.279749 +0.817216 +0.298297
331 0 -0.378129 -0.637264 -0.104781
332 0 +0.691698 +0.264137 +0.127238
333 0 +0.775044 -0.244555 +0.157422
334 0 -0.278450 -0.373667 -0.041628
335 0 +1.387194 +0.597982 +0.239431
336 0 -0.629930 -0.833815 -0.145120
337 0 -1.415387 -0.109283 -0.250086
338 0 +0.864499 -0.172355 +0.048240
339 0 -0.141419 -0.150809 -0.305763
340 0 -0.204282 -1.070643 -0.127698
341 0 +0.520962 +0.808939 +0.180416
342 0 -2.277145 -0.856348 -0.679753
343 0 -1.031126 +0.158150 -0.077397
344 0 +0.720684 -0.825548 +0.193284
345 0 -1.226580 +0.006664 -0.297875
346 0 -0.614251 +0.002985 -0.250913
347 0 +0.082161 +0.451049 +0.327898
348 0 +1.066467 +0.780369 +0.311485
349 0 -0.586952 +0.891426 +0.222857
350 0 -0.109428 -0.148657 -0.123717
351 0 -0.663025 -0.535065 -0.262213
352 0 -0.654389 +0.543480 +0.032071
353 0 +0.808937 -0.207021 -0.028226
354 0 -0.153204 +0.011992 +0.068076
355 0 -0.722464 -0.265761 -0.126217
356 0 -1.846565 -0.578189 -0.540990
357 0 -1.263324 -0.474142 -0.344311
358 0 +0.729404 +1.092383 +0.417576
359 0 +0.716562 +0.403485 +0.265717
360 0 -0.206902 -0.275276 -0.161626
361 0 +0.565612 -0.170579 -0.027100
362 0 -0.270906 +0.427388 +0.109716
363 0 +0.068185 -0.038895 -0.057683
364 0 -0.475290 +0.007466 -0.134714
365 0 -0.507472 -1.182640 -0.353980
366 0 +0.239769 -0.580913 -0.101758
367 0 +1.503491 +0.330841 +0.266014
368 0 -1.110506 -0.166078 -0.252443
369 0 +0.674603 -0.966162 -0.032886
370 0 -0.127945 +0.174101 +0.133189
371 0 -0.958087 -0.670712 -0.117598
372 0 +0.314031 +0.035415 +0.132632
373 0 -0.257659 -0.032129 -0.338774
374 0 -0.797718 -0.415972 -0.245679
375 0 -0.167151 -0.299148 +0.048923
376 0 -0.404955 -0.066252 +0.094157
377 0 -0.062739 -0.068840 -0.038645
378 0 -0.405310 +0.085274 -0.181811
379 0 -0.481060 +0.740312 -0.071995
380 0 +0.271656 +0.667891 +0.260196
381 0 +0.774630 -0.791413 -0.010512
382 0 +0.074183 +0.265496 +0.027596
383 0 -0.436607 +0.405841 -0.109935
384 0 -1.069424 +0.076593 -0.227562
385 0 -0.714248 -0.397878 -0.362424
386 0 -1.004406 +0.272568 -0.150279
387 0 -0.214701 +0.177015 -0.121434
388 0 +2.010743 +0.651899 +0.789152
389 0 -0.968735 -0.304900 -0.257880
390 0 +1.197149 -0.029358 +0.460214
391 0 -0.653965 -0.133390 -0.272677
392 0 +0.562457 +0.356068 -0.272354
393 0 -0.275105 +0.369015 +0.084799
394 0 +0.949363 -0.018734 +0.180298
395 0 -0.906863 -0.904383 -0.422366
396 0 -0.214070 -0.715588 -0.216020
397 0 +0.757585 -0.371415 +0.210662
398 0 -0.451027 +0.425026 -0.006660
399 0 -0.038239 -0.592220 -0.043648
400 0 -1.010530 -0.484983 -0.106588
401 0 -0.357916 +0.177087 +0.183165
402 0 +0.577306 -0.084954 +0.178449
403 0 +0.187934 +0.554990 +0.027930
404 0 -0.691693 -0.065132 -0.008335
405 0 -0.871679 -0.542874 -0.448508
406 0 -0.566468 -0.224958 -0.518938
407 0 -1.499190 +0.816195 -0.118080
408 0 -1.160908 -0.700794 -0.334972
409 0 -1.466665 -1.586229 -0.554464
410 0 -0.290144 +0.215730 -0.107835
411 0 +1.192528 +0.493615 +0.320742
412 0 +2.189047 +0.647545 +0.691450
413 0 +1.652770 +1.113774 +0.591962
414 0 +0.745861 +0.177621 +0.374112
415 0 -1.001458 -0.356891 -0.083091
416 0 +0.692353 +0.163844 +0.476047
417 0 -0.354769 +0.228068 +0.013464
418 0 -0.101394 +1.080472 -0.079367
419 0 -1.390600 -0.597339 -0.380501
420 0 -0.422701 -0.303409 -0.145988
421 0 -0.034384 -0.378988 +0.142313
422 0 +0.535191 +0.678420 +0.512490
423 0 -1.788851 -0.065622 -0.514823
424 0 -1.461949 -1.062356 -0.329018
425 0 -0.124015 -0.059494 -0.038592
426 0 -0.134525 -0.343004 +0.005166
427 0 +0.939342 +0.486749 +0.325946
428 0 +0.048060 +0.009745 -0.032222
429 0 -2.254700 +0.228286 -0.499070
430 0 +0.483258 +0.372130 +0.087826
431 0 +0.994949 +0.137499 +0.202338
432 0 +0.264551 +0.160082 +0.063204
433 0 -2.675706 -0.235219 -0.541816
434 0 -0.526897 +0.355709 -0.225902
435 0 +0.663702 +0.970843 +0.526009
436 0 +0.342056 +1.059008 +0.338701
437 0 +0.694059 -0.030952 +0.134609
438 0 +0.360143 +0.309493 -0.090018
439 0 +1.483940 -0.190901 +0.314042
440 0 -0.105327 +0.035777 -0.160327
441 0 -0.903584 -0.174211 -0.328034
442 0 -0.574868 -0.579370 -0.323418
443 0 +0.149517 -0.693099 -0.265366
444 0 +1.051831 +0.153590 +0.141863
445 0 +0.912445 +0.997699 +0.396762
446 0 +0.463872 +0.168462 +0.376414
447 0 +0.200193 +0.222532 +0.024470
448 0 +1.019832 +0.591512 +0.476960
449 0 -0.058905 -0.895806 -0.214889
450 0 -1.241782 -0.337791 -0.304537
451 0 +0.512814 -0.404250 +0.152827
452 0 +0.960785 +0.046514 +0.329399
453 0 +0.950260 +0.091022 -0.058229
454 0 -0.253416 +0.667343 -0.109286
455 0 -0.621389 -0.473374 -0.118208
456 0 -0.629425 -0.564599 -0.308167
457 0 -0.600059 +0.099596 +0.080599
458 0 +1.364439 +0.365951 +0.342478
459 0 -0.252553 -0.363033 -0.111481
460 0 +0.817668 +0.628242 +0.223045
461 0 -0.489429 -0.529649 -0.126785
462 0 +0.188292 -0.046197 -0.261068
463 0 +0.802691 -0.095165 -0.011633
464 0 +0.445079 -0.281700 +0.131068
465 0 -1.662374 -1.503137 -0.594649
466 0 +1.265280 -0.517063 +0.274782
467 0 +0.263172 +0.185182 +0.029510
468 0 -0.254161 +0.220690 -0.176290
469 0 -0.547534 -0.236445 -0.346766
470 0 +0.284825 -0.041350 +0.071836
471 0 -0.209742 +0.415553 +0.067954
472 0 +0.610635 +1.100905 +0.071356
473 0 +0.852622 +0.201665 +0.172695
474 0 -1.470465 -1.065349 -0.446832
475 0 -0.458773 -0.004512 -0.225545
476 0 -1.626962 -0.443149 -0.222276
477 0 -0.824891 +0.407221 +0.019514
478 0 -1.321365 -1.177537 -0.544699
479 0 +0.275397 +0.802170 +0.067106
480 0 +0.738568 -0.174979 +0.111854
481 0 -0.058573 +0.494081 -0.106225
482 0 +0.069559 +0.286677 +0.065558
483 0 +0.048973 -0.381554 -0.139387
484 0 -0.703188 -0.735574 -0.296293
485 0 -0.645847 +0.026778 -0.091331
486 0 -0.516537 -1.008875 -0.343861
487 0 +1.557179 +0.959515 +0.633067
488 0 +1.516149 +0.976609 +0.240441
489 0 -0.262362 +0.194987 -0.091289
490 0 +0.566277 -0.190501 -0.110360
491 0 +1.444487 +0.831887 +0.522537
492 0 +1.224180 +0.433010 +0.346223
493 0 +0.238456 +0.585338 +0.094403
494 0 -0.418290 -1.078503 -0.057801
495 0 -0.625790 -0.041056 -0.090654
496 0 +1.672638 +1.066809 +0.384228
497 0 -0.196880 +0.354300 -0.052675
498 0 +1.866261 +0.660225 +0.493283
499 0 +0.962843 +0.608724 +0.450100
500 0 -0.423786 -0.273861 -0.105553
501 0 -0.809337 +0.183289 -0.161930
502 0 -0.712784 -0.635939 -0.216652
503 0 -1.602457 -1.068003 -0.552627
504 0 +0.481169 -0.275033 +0.120130
505 0 -0.404386 -0.784124 -0.135361
506 0 +0.545019 +0.543318 +0.124299
507 0 -0.377703 +0.075348 -0.047384
508 0 +1.273600 +0.359213 +0.229159
509 0 +0.688802 +0.122739 +0.160331
510 0 +0.739125 +0.121325 +0.267351
511 0 -0.374894 +0.772356 -0.257229
512 0 -2.430394 -1.466767 -0.632497
513 0 +1.997996 +1.053314 +0.580301
514 0 +2.440873 +0.832898 +0.847275
515 0 +0.551603 -0.479622 +0.168761
516 0 -0.356134 +0.055830 -0.163706
517 0 -0.523363 -0.678256 -0.372008
518 0 -0.777838 +0.154083 -0.087213
519 0 -0.196651 -0.213250 -0.069962
520 0 +0.691807 -0.316392 +0.103282
521 0 +1.046485 +0.678774 +0.406504
522 0 -0.793917 -0.304729 -0.378792
523 0 +1.658986 +1.100860 +0.535842
524 0 -0.418894 -0.283658 +0.032530
525 0 -1.570426 -0.709121 -0.468748
526 0 -0.796919 -0.012681 -0.255607
527 0 +0.674093 +0.881405 +0.593695
528 0 -0.352474 -0.306586 -0.136449
529 0 -0.808062 +0.071350 -0.329562
530 0 -0.230928 -0.224568 -0.121387
531 0 -1.068488 -0.584988 -0.425494
532 0 -2.577057 -1.228740 -0.965749
533 0 -0.992393 -0.579460 -0.235346
534 0 +0.417770 +0.057898 +0.184515
535 0 +1.323314 +0.112374 +0.222425
536 0 +0.393190 -0.064220 +0.180923
537 0 -1.629615 -0.660700 -0.504997
538 0 +0.785928 +0.425096 +0.270110
539 0 -1.563188 -1.316830 -0.405562
540 0 -0.129814 +0.021167 -0.089478
541 0 -0.503578 +0.281552 -0.036329
542 0 -0.896094 -0.188831 -0.337030
543 0 -1.180944 +0.197148 -0.256004
544 0 +0.354191 -0.603233 -0.081866
545 0 -0.634388 +0.419103 -0.193205
546 0 -0.486507 -0.090157 +0.046145
547 0 +0.853828 +0.275475 -0.015847
548 0 -0.185439 +0.168636 +0.006146
549 0 -0.735777 -0.293169 -0.278232
550 0 +0.696595 +0.628647 +0.104541
551 1 -0.589056 -0.131859 +0.085220
552 1 +0.853454 +1.181820 +0.478590
553 1 +0.141196 -0.440028 +0.243829
554 1 +0.643782 +0.372015 +0.332953
555 1 +0.995733 +0.872323 +0.527854
556 1 +1.398463 +0.145539 +0.480888
557 1 +0.801570 +0.468326 +0.334074
558 1 +0.847357 +0.734435 +0.748170
559 1 +1.068868 +1.192833 +0.991723
560 1 +0.000240 +0.245810 +0.181963
561 1 +0.310817 +0.764642 +0.545201
562 1 +1.196007 +0.839790 +0.554938
563 1 -1.018208 -0.017319 -0.150305
564 1 +0.234824 -0.417605 -0.034178
565 1 +1.323713 +0.415942 +0.422354
566 1 -1.272535 -0.243322 -0.251846
567 1 -0.239662 -0.363640 -0.085580
568 1 -0.223046 -0.262571 -0.082930
569 1 -0.201375 +0.350045 -0.027731
570 1 +0.224929 -0.422539 +0.112509
571 1 +0.020889 +0.584941 +0.138253
572 1 +0.000656 -0.365346 +0.018377
573 1 +0.210742 -0.168679 +0.073754
574 1 +0.370364 -0.005524 +0.404456
575 1 +1.148586 +0.671406 +0.372972
576 1 -0.846921 +0.070759 +0.024387
577 1 +0.723918 +0.133812 +0.212004
578 1 +0.754877 +1.164047 +0.616292
579 1 -1.672517 +0.413275 -0.228871
580 1 -1.428255 -0.276584 -0.097851
581 1 +1.535647 +0.609702 +0.424040
582 1 +1.111279 +0.494321 +0.370715
583 1 +1.357148 +0.940279 +0.710806
584 1 +0.992443 +1.036025 +0.414670
585 1 +0.734179 +0.895646 +0.233520
586 1 -1.417071 -0.274909 -0.079722
587 1 -0.756553 -0.154911 -0.201980
588 1 +0.160554 +0.341634 +0.022457
589 1 -1.013342 -0.494554 -0.164710
590 1 +0.915287 -0.028688 +0.314395
591 1 +1.603753 +0.507687 +0.301536
592 1 +0.374217 +0.020141 -0.023405
593 1 +1.387507 -0.018765 +0.247882
594 1 -0.559274 +0.291775 -0.065685
595 1 +0.947183 +0.406660 +0.253079
596 1 -0.066739 +0.174701 -0.080616
597 1 -1.085587 -0.279559 -0.365521
598 1 +0.186787 +0.014615 +0.363629
599 1 +1.212499 +0.437569 +0.419763
600 1 -0.156672 +0.006348 +0.338103
601 1 +0.755255 +0.837282 +0.723692
602 1 +0.505003 +0.392060 +0.552586
603 1 +1.347314 +1.093314 +0.624880
604 1 -0.731617 -0.276800 +0.146001
605 1 +1.683470 +0.525914 +0.871817
606 1 +1.015235 +0.014097 +0.489413
607 1 +0.592032 +0.696819 +0.421284
608 1 -0.280758 +0.295860 +0.132303
609 1 +0.204783 +0.265841 +0.366420
610 1 -0.134435 -0.607327 -0.121072
611 1 +1.680788 +0.264300 +0.246877
612 1 -0.013823 +0.254726 +0.003818
613 1 -1.290253 -0.350655 -0.389224
614 1 +1.107247 -0.849420 +0.021305
615 1 -0.339421 -0.453584 -0.209354
616 1 -1.205409 -0.768996 -0.349339
617 1 +0.516340 -0.088049 -0.074821
618 1 +0.388476 -0.370560 -0.026242
619 1 +0.494337 +0.113455 +0.022220
620 1 -0.641944 -0.143455 -0.220373
621 1 +0.453785 -0.444190 +0.193476
622 1 +0.713525 -0.440099 +0.079549
623 1 +1.808262 +0.156698 +0.431790
624 1 +1.277578 +1.245911 +0.375478
625 1 -0.375259 -0.076478 +0.013798
626 1 -0.192796 +0.251534 +0.365412
627 1 +1.366932 +0.688173 +0.465419
628 1 -0.823840 -0.533691 -0.051753
629 1 -1.486477 -0.972560 -0.213548
630 1 +1.221281 +0.532109 +0.287364
631 1 +0.686568 +0.464187 +0.303882
632 1 -0.392422 -0.680399 -0.124587
633 1 +0.784652 +0.199493 +0.287368
634 1 +0.684842 +0.107851 +0.006858
635 1 +0.219823 -0.491840 -0.363302
636 1 -3.276779 -1.385905 -0.920805
637 1 +0.789782 +0.040517 +0.177598
638 1 +1.291790 +0.049824 +0.315034
639 1 -0.819753 -0.373152 -0.177467
640 1 +0.010424 -0.288541 -0.019933
641 1 -0.345431 -0.409767 -0.076671
642 1 +0.093917 -0.334399 +0.147169
643 1 -1.805821 -0.566380 -0.598806
644 1 -0.602850 -0.166499 -0.289090
645 1 +1.554095 +0.184005 +0.422798
646 1 -0.285936 +0.158610 +0.133106
647 1 +0.437537 -0.041914 +0.355515
648 1 -0.357610 +0.171633 +0.228736
649 1 -0.040928 +0.485293 +0.192783
650 1 +0.394659 -0.174187 +0.338280
651 1 +0.625964 +0.546456 +0.249131
652 1 -0.256676 +0.180220 +0.226057
653 1 +0.836359 +0.747372 +0.377426
654 1 -0.249708 -0.247309 +0.057109
655 1 -0.169285 +0.393212 +0.086629
656 1 -0.119416 +0.267705 +0.072359
657 1 -0.102197 +0.357096 +0.075105
658 1 -0.162665 -0.311203 -0.159082
659 1 -0.732163 -0.550331 -0.340993
660 1 +0.339526 -0.150008 -0.028739
661 1 -0.374513 -0.495927 -0.157227
662 1 +0.329853 -0.040381 -0.031935
663 1 -2.344018 -0.926418 -0.685535
664 1 +0.282772 +0.188340 +0.245723
665 1 +0.479462 -0.858732 -0.123045
666 1 +0.582153 -0.370967 +0.163786
667 1 -0.196601 -0.077155 -0.005669
668 1 +0.292733 -0.700442 -0.109544
669 1 -0.124539 +0.184433 +0.001312
670 1 -0.174361 -0.483851 -0.006632
671 1 -1.126034 -0.536995 -0.232399
672 1 -1.204474 -0.818294 -0.145003
673 1 +1.004138 -0.046609 +0.340280
674 1 -1.136682 -0.504623 -0.354004
675 1 +0.872811 -0.783513 -0.033608
676 1 +0.229900 -0.439277 +0.023364
677 1 -0.840392 -0.170595 -0.259659
678 1 -0.509276 -0.316548 -0.266994
679 1 +1.389789 -0.959664 -0.021587
680 1 -0.248385 -0.718998 -0.271235
681 1 +0.313010 +0.562204 +0.142351
682 1 -0.246117 -0.271304 -0.259132
683 1 -0.662780 -0.047129 -0.164396
684 1 -0.391363 -0.561820 +0.033466
685 1 +0.693843 -0.484494 -0.116778
686 1 -0.720787 -0.349559 -0.342328
687 1 -0.265312 +0.344691 -0.184828
688 1 +0.505495 +0.593280 -0.061929
689 1 +1.024987 +0.564295 +0.185856
690 1 -2.323237 -0.253615 -0.587587
691 1 +0.876698 -0.046322 -0.077385
692 1 +0.089413 +0.249331 -0.265216
693 1 -1.384931 -1.319028 -0.532329
694 1 +0.413813 -0.699575 -0.245535
695 1 +0.467838 -0.225252 +0.045301
696 1 -0.858521 -0.646146 -0.471952
697 1 +0.069002 -0.044098 -0.106608
698 1 +0.890264 -0.036479 +0.078243
699 1 +1.016028 -0.157956 +0.143051
700 1 -1.119628 -0.865472 -0.292522
701 1 -0.053587 +0.038736 -0.122551
702 1 -0.276924 +0.549699 -0.273226
703 1 -0.584897 +0.421264 -0.322330
704 1 -0.310433 -0.363198 -0.065003
705 1 -0.751168 +0.040896 -0.331017
706 1 -2.711607 -0.720611 -0.979643
707 1 -0.793136 -0.073958 -0.021631
708 1 +0.347536 -0.172285 +0.197674
709 1 +0.640602 +0.131294 +0.244401
710 1 +0.330328 +0.382237 +0.262658
711 1 -1.230142 -0.194891 -0.081112
712 1 -0.914342 -0.099458 -0.047982
713 1 -0.432681 +0.209639 +0.099864
714 1 +1.292169 +0.273252 +0.302558
715 1 -0.888447 -0.690275 -0.229495
716 1 +0.412404 +0.134469 +0.346441
717 1 +0.850253 -0.290782 +0.257300
718 1 -0.000702 -0.489982 -0.078869
719 1 -2.453366 -0.525073 -0.469925
720 1 +0.841483 +0.679879 +0.286219
721 1 -0.620693 -0.848301 -0.068020
722 1 +2.042409 +0.820238 +0.604817
723 1 +0.105131 +0.426320 +0.342302
724 1 +0.007963 +0.596344 -0.037013
725 1 +0.496094 +0.114370 +0.040815
726 1 -1.643908 -1.123180 -0.378360
727 1 +0.729105 -0.232411 +0.046443
728 1 -0.830356 -0.347957 -0.119972
729 1 -0.275438 -0.181440 -0.076168
730 1 +0.590793 +0.226646 +0.363902
731 1 -1.615889 -0.611876 -0.658778
732 1 -1.578674 +0.635374 -0.435822
733 1 -1.414812 +0.429484 -0.409695
734 1 +1.973661 +0.855613 +0.377947
735 1 +1.205369 +0.517576 +0.255449
736 1 -1.455049 +0.614079 -0.349156
737 1 +0.026740 +0.062350 -0.112898
738 1 +0.142397 +0.707768 -0.224414
739 1 +0.290614 +0.895815 +0.109750
740 1 +1.068456 +0.509041 +0.233770
741 1 -1.235551 +0.188349 -0.278053
742 1 +0.005510 -0.213488 -0.194116
743 1 -1.524503 +0.302081 -0.574222
744 1 +0.232921 +0.140843 -0.008558
745 1 +0.726398 -0.399058 -0.067077
746 1 +1.044931 +0.131776 +0.149080
747 1 +1.077943 -0.475360 -0.095410
748 1 -0.468407 -0.344915 -0.148345
749 1 -0.893822 -0.309506 -0.441028
750 1 -0.007265 -0.374054 -0.232049
751 1 -1.790968 -0.543301 -0.516445
752 1 -1.233732 -1.217305 -0.338531
753 1 -0.728134 -0.686053 -0.257917
754 1 -1.624355 -0.333479 -0.522040
755 1 -0.416315 -0.530934 -0.329429
756 1 -2.389876 -1.010088 -0.740592
757 1 -0.662328 -0.332453 -0.336743
758 1 +1.845555 +0.458481 +0.777927
759 1 +1.447803 -0.442215 +0.515316
760 1 +0.849780 +0.607876 +0.438081
761 1 +0.467039 -0.263146 +0.066408
762 1 +0.000810 -0.334444 -0.007928
763 1 +1.145292 +0.154694 +0.536954
764 1 +1.376640 +0.705162 +0.583518
765 1 +0.825942 -0.403935 +0.472967
766 1 -1.311899 +0.186487 +0.215061
767 1 +0.765591 +0.632151 +0.495226
768 1 -0.067270 -0.158045 +0.510498
769 1 -0.487497 +0.532786 +0.540510
770 1 +1.461632 +0.860630 +0.788246
771 1 +1.232762 +0.560508 +0.352554
772 1 -1.966398 -0.612155 -0.648130
773 1 +0.828240 +0.319438 +0.139898
774 1 -0.192991 +0.148663 -0.251380
775 1 -0.874315 +0.352346 -0.360011
776 1 +0.888185 +0.253876 +0.225102
777 1 -1.335726 -0.306376 -0.290382
778 1 +0.222574 +0.155234 +0.004807
779 1 +1.078427 +0.611832 +0.059111
780 1 -0.723953 -0.096955 -0.228263
781 1 +0.369326 +0.758416 +0.058531
782 1 +0.378685 +0.405629 +0.060024
783 1 -0.597788 -0.319300 -0.336320
784 1 -2.037803 +0.109057 -0.565918
785 1 +1.126831 -0.410839 -0.026086
786 1 -0.357776 -0.245346 -0.262794
787 1 -1.219370 -0.866851 -0.438952
788 1 +2.175214 +0.058843 +0.301031
789 1 -1.718002 -0.606705 -0.515872
790 1 -1.837624 -1.194180 -0.737921
791 1 -0.342124 +0.072187 +0.064629
792 1 -1.184556 -0.210573 -0.431797
793 1 -0.920169 -0.623730 -0.389643
794 1 +0.733007 -0.055605 +0.190889
795 1 +0.277714 +0.055058 +0.069211
796 1 +0.021031 -0.298624 -0.307478
797 1 -0.628876 +0.261094 -0.411100
798 1 +0.205191 +0.096242 -0.291409
799 1 -1.074926 +0.007768 -0.495512
800 1 -0.690847 -0.782324 -0.480973
801 1 -0.826823 -0.245035 -0.502653
802 1 +0.709014 +0.104059 +0.088246
803 1 +0.730017 -0.018344 +0.135236
804 1 -0.169941 +0.104402 -0.008254
805 1 +1.683154 -0.067898 +0.377534
806 1 +0.365226 +0.275343 +0.055513
807 1 -0.610517 -0.429662 -0.240410
808 1 +1.202607 +0.539601 +0.402327
809 1 -0.413208 +0.345296 -0.247169
810 1 -1.108301 -0.472906 -0.179646
811 1 -0.031001 +0.057277 -0.034728
812 1 +0.322257 +0.010483 -0.008478
813 1 -0.399590 -0.415218 -0.139852
814 1 +0.550351 +0.268418 -0.172568
815 1 -0.538792 -0.237069 -0.346223
816 1 -0.637031 -0.064352 -0.340761
817 1 +0.101370 +0.065780 -0.229715
818 1 -0.021975 +0.299576 -0.206858
819 1 +0.912672 +0.686320 +0.138215
820 1 -1.341628 -1.246252 -0.786069
821 1 -2.448507 -0.943515 -0.962551
822 1 -0.418902 -0.317563 -0.370504
823 1 -0.831583 -0.608324 -0.402720
824 1 -0.520346 -0.692603 -0.353096
825 1 -0.425911 -0.050020 -0.256828
826 1 -0.009765 +0.300585 +0.172537
827 1 +1.574503 +0.005376 +0.306771
828 1 +1.976802 +1.253738 +0.450612
829 1 +0.687135 +0.319308 +0.358083
830 1 +0.676524 +1.028247 +0.356652
831 1 +1.187383 +1.041105 +0.599228
832 1 +0.802183 +0.084323 +0.218796
833 1 -0.166868 -0.035724 +0.053022
834 1 -0.367437 -0.994566 +0.067155
835 1 -0.834250 -0.518342 -0.151627
836 1 -1.064955 -0.396609 -0.188411
837 1 +0.937586 +0.620271 +0.563033
838 1 +0.593783 +0.071593 +0.260181
839 1 +2.498357 +0.566190 +0.482523
840 1 +0.167145 -0.186362 +0.059186
841 1 -0.088143 +0.306762 -0.057610
842 1 -1.252203 +0.048323 -0.094358
843 1 +0.310512 +0.238750 +0.062840
844 1 +0.169848 -0.369784 -0.103524
845 1 -0.969070 +0.049376 -0.266929
846 1 +0.017104 +0.113761 -0.067500
847 1 +0.667767 +0.270539 +0.414976
848 1 +0.652471 +0.457992 +0.403671
849 1 -0.033186 +0.127085 +0.101682
850 1 +0.528697 +0.295372 -0.022758
851 1 +1.344315 +0.423800 +0.464388
852 1 +0.938374 -0.967420 +0.123553
853 1 +0.544681 +0.800414 +0.175455
854 1 -0.874613 +0.535599 +0.042012
855 1 -0.746377 +0.245861 -0.145103
856 1 -1.491211 -0.833485 -0.203251
857 1 +0.936062 -0.165464 +0.183756
858 1 +1.962675 +0.500437 +0.440995
859 1 +2.131165 +0.868409 +0.454213
860 1 +0.328963 +0.218846 -0.073968
861 1 +0.926864 +0.428466 +0.162342
862 1 -0.034943 -0.081276 -0.103168
863 1 -0.716668 -0.510512 -0.211863
864 1 -0.320688 -0.064931 -0.236265
865 1 -0.564240 -0.137824 -0.275097
866 1 +0.216391 +0.326808 -0.008247
867 1 -0.025537 -0.701988 -0.129276
868 1 -0.276142 -0.768049 -0.242083
869 1 -1.875513 -0.448248 -0.497089
870 1 -1.198550 -0.974101 -0.332707
871 1 -0.633035 -0.084547 -0.216981
872 1 -0.621840 -0.348584 -0.215196
873 1 +0.134007 -0.830963 -0.108566
874 1 +0.457865 +0.374869 -0.089852
875 1 -1.454261 -0.501242 -0.555300
876 1 -2.583820 -0.438734 -0.735398
877 1 -1.440031 -0.466052 -0.423079
878 1 +1.227556 +0.368391 +0.220987
879 1 +0.889405 +0.160531 +0.249529
880 1 +0.424276 +0.125628 -0.129908
881 1 -1.589355 -1.107701 -0.606892
882 1 -0.997514 -1.005081 -0.512529
883 1 +1.248271 -0.092599 +0.072098
884 1 -0.866529 +0.353308 -0.332819
885 1 +0.501267 -0.076295 -0.114736
886 1 +0.033534 -0.330630 -0.141346
887 1 -0.036517 -0.700339 -0.153222
888 1 -0.774609 -0.717713 -0.270905
889 1 +1.246284 +0.864320 +0.279018
890 1 -0.346763 -0.243618 -0.149373
891 1 +0.301141 -0.095882 -0.084171
892 1 +0.528585 +0.418820 +0.101359
893 1 +0.268735 +0.328043 +0.203015
894 1 -0.597969 +0.536127 -0.285424
895 1 -0.766830 -0.616198 -0.083320
896 1 -0.944314 -0.461120 -0.231622
897 1 -0.211888 -0.339023 +0.031004
898 1 +0.958168 +0.115346 +0.259793
899 1 +0.075906 +0.130890 -0.109471
900 1 -1.314880 +0.131634 -0.393486
901 1 +0.204870 -0.514611 -0.082348
902 1 +0.881349 +0.255700 -0.001575
903 1 -0.933925 -0.105364 -0.177890
904 1 -0.219650 -0.235827 -0.252410
905 1 -2.567320 -0.264882 -0.382674
906 1 -0.079134 +0.388753 -0.002824
907 1 +0.251364 +0.127749 -0.024983
908 1 +0.337688 -0.465109 -0.179921
909 1 +3.124008 +0.820642 +0.767587
910 1 -1.866259 -1.068037 -0.439451
911 1 +0.494350 -0.383785 -0.063073
912 1 +0.967317 +0.376575 +0.139076
913 1 +0.306080 +0.105150 +0.083098
914 1 -1.235231 +0.061628 -0.181809
915 1 +1.208104 +0.779949 +0.277953
916 1 -0.291389 +0.492740 +0.056069
917 1 +0.529200 -0.248752 -0.002112
918 1 +0.679668 -0.914787 +0.068369
919 1 -0.413905 +0.696401 -0.122599
920 1 -0.255611 +0.324035 -0.097361
921 1 -0.241577 -0.049664 -0.127508
922 1 +0.298728 +1.035857 +0.505864
923 1 +1.356620 +0.627226 +0.488706
924 1 +0.089558 -0.179045 +0.370546
925 1 +0.686600 +0.083967 +0.556864
926 1 +1.568641 +0.678570 +0.505614
927 1 +1.244643 -0.296405 +0.421371
928 1 -0.331009 -0.661179 +0.186697
929 1 -1.265862 -0.379030 +0.054585
930 1 +1.813447 -0.100197 +0.628580
931 1 -0.134346 +0.646410 +0.431913
932 1 +0.571652 +0.089590 +0.262984
933 1 -0.466266 -0.096390 +0.097497
934 1 +0.319010 +0.480694 +0.339654
935 1 +0.932379 +0.440965 +0.437450
936 1 +1.190699 +0.052342 +0.282724
937 1 -0.336335 -0.629295 +0.109007
938 1 +0.220087 -0.418452 +0.042923
939 1 -0.320069 -0.444297 +0.157239
940 1 -1.332589 +0.050411 -0.060552
941 1 -1.225093 +0.218819 -0.043413
942 1 +1.946731 +1.136041 +0.435624
943 1 -0.747663 -0.485707 +0.047684
944 1 +2.163205 +1.048971 +0.473559
945 1 -0.509022 +0.168663 +0.025950
946 1 +1.847899 +0.986593 +0.452998
947 1 -1.249866 +0.233561 -0.129107
948 1 +0.509962 +0.612179 +0.302710
949 1 +0.219642 +1.019646 +0.460930
950 1 +0.346732 +0.577656 +0.300877
951 1 +1.276158 +0.400255 +0.544700
952 1 +1.269758 +0.615335 +0.600893
953 1 +0.567351 +0.470622 +0.529554
954 1 +0.548063 +0.857877 +0.594103
955 1 +1.225796 +1.147987 +0.564404
956 1 -0.154565 +0.286501 +0.270080
957 1 +0.681717 +1.172250 +0.473320
958 1 +1.753769 +1.191239 +0.831800
959 1 -0.584227 -0.249785 +0.108254
960 1 +0.997613 +0.376603 +0.258409
961 1 +0.070377 -0.231838 +0.099680
962 1 +0.427743 +0.043086 +0.073269
963 1 -0.061977 -0.179455 +0.149791
964 1 -0.295754 -0.324395 -0.069396
965 1 -1.993536 -0.586354 -0.256470
966 1 -0.003858 -0.515251 -0.093611
967 1 -0.442537 -0.309327 +0.087500
968 1 -0.236179 +0.193097 +0.089757
969 1 -0.062596 -0.170688 +0.157265
970 1 -1.410542 -0.480204 -0.271009
971 1 -1.120659 -0.454221 -0.224789
972 1 +2.062945 +0.249094 +0.856206
973 1 +1.268339 +0.401324 +0.910929
974 1 +1.923370 +1.345463 +0.983833
975 1 +0.027402 +0.396045 +0.186395
976 1 -0.419374 -0.018374 +0.052805
977 1 +0.946145 +0.840606 +0.314225
978 1 +0.388141 +0.912424 +0.123661
979 1 -0.427924 +0.750736 +0.315378
980 1 +1.404309 +1.138428 +0.585457
981 1 +1.506586 +0.458568 +0.629069
982 1 -1.630776 -0.651497 -0.646776
983 1 +0.757150 +0.326199 -0.008186
984 1 -0.367699 +0.138714 -0.379551
985 1 -0.729971 -0.238296 -0.422585
986 1 -0.139458 -0.752470 -0.459681
987 1 -2.397623 -1.427134 -0.819725
988 1 -0.510371 -0.391984 -0.284735
989 1 -1.291535 -0.098836 -0.525300
990 1 -1.992918 +0.211424 -0.404413
991 1 +0.274966 +0.353229 -0.126280
992 1 -0.231980 -0.211522 -0.437246
993 1 -0.244641 -0.992807 -0.439265
994 1 -1.708014 -1.001595 -0.486356
995 1 +1.132523 +0.303287 +0.132681
996 1 +1.486191 -0.054812 +0.067042
997 1 -1.718552 -0.334070 -0.443927
998 1 -0.031498 -0.159612 -0.013898
999 1 -1.313057 -0.421135 -0.399670
1000 1 -1.082618 -1.257465 -0.512226
1001 1 -1.095470 -0.823394 -0.342740
1002 1 -0.488227 -1.207104 -0.318494
1003 1 -0.740743 -0.563404 -0.358755
1004 1 -0.624816 -0.167050 -0.186256
1005 1 -0.015053 +0.226401 +0.032084
1006 1 -0.107421 +0.180834 -0.173740
1007 1 +0.349984 -0.267454 -0.100811
1008 1 +0.203931 -0.536679 -0.183515
1009 1 -0.963997 -0.639953 -0.276223
1010 1 -0.139176 -0.263371 -0.137687
1011 1 -0.702531 -0.489016 -0.317441
1012 1 -0.984690 -0.717274 -0.362429
1013 1 -1.175711 -0.485174 -0.532571
1014 1 -0.720933 -0.961439 -0.378552
1015 1 -0.095626 -0.561850 -0.278852
1016 1 -1.317973 -0.047631 -0.575347
1017 1 +0.129323 -0.792659 -0.306570
1018 1 -1.710808 -0.720688 -0.599963
1019 1 -0.443433 -0.885864 -0.060986
1020 1 -0.505792 -0.080121 +0.223957
1021 1 +1.465152 +0.731116 +0.467876
1022 1 -0.638069 +0.351200 +0.132536
1023 1 -0.600427 +0.286069 -0.211620
1024 1 +0.864565 +0.150948 +0.197242
1025 1 -0.951933 -0.053362 -0.124055
1026 1 -0.227902 +0.348661 +0.111324
1027 1 -0.133837 +0.858404 -0.000332
1028 1 +0.401577 +0.216707 +0.237157
1029 1 +0.313056 +0.082046 +0.372187
1030 1 -0.407217 -0.545846 +0.009262
1031 1 +1.354212 +0.859258 +0.421356
1032 1 -0.773444 +0.331921 +0.120587
1033 1 +1.177682 +0.002879 +0.143496
1034 1 +0.662758 +0.179543 +0.270163
1035 1 +1.624389 -0.015819 +0.403886
1036 1 -0.101438 +1.021902 +0.128718
1037 1 +0.445563 -0.237660 -0.050200
1038 1 -1.702130 +0.121354 -0.392631
1039 1 -1.613940 -0.106474 -0.384167
1040 1 -0.909934 +0.884103 +0.005612
1041 1 +0.238541 +0.376365 +0.017128
1042 1 +1.520257 +0.992871 +0.608714
1043 1 -1.182356 +0.582771 -0.060810
1044 1 +0.500467 +0.119723 +0.211456
1045 1 +1.576931 +0.190869 +0.443834
1046 1 +0.839483 -0.056981 +0.579015
1047 1 +1.553987 +0.596551 +0.415383
1048 1 +0.345890 +0.677051 +0.189490
1049 1 -0.342760 +0.360443 -0.034372
1050 1 +0.763116 -0.271447 +0.382943
1051 1 +1.808227 +0.433996 +0.507094
1052 1 -1.363324 +0.332219 -0.010361
1053 1 +0.300216 +0.004741 +0.254876
1054 1 -1.238850 -0.938013 -0.239370
1055 1 +1.446937 +0.400076 +0.476966
1056 1 +0.574294 +1.057645 +0.339054
1057 1 -0.219617 +0.622493 -0.047562
1058 1 +0.662087 +0.424620 +0.326125
1059 1 +0.190608 +1.130151 +0.422420
1060 1 +0.194151 -0.151953 +0.082750
1061 1 -0.133590 +0.646060 +0.202109
1062 1 +0.455004 +0.409677 +0.186362
1063 1 +1.479881 +1.043066 +0.417306
1064 1 -0.115032 +0.962311 +0.202650
1065 1 +2.726773 +1.066045 +0.791797
1066 1 -0.433883 -0.788533 -0.448116
1067 1 -1.122934 -0.829559 -0.543262
1068 1 +0.879186 +0.630474 +0.014820
1069 1 -0.376463 -0.524223 -0.146165
1070 1 -0.087177 -0.108574 -0.100041
1071 1 -0.190590 -0.256191 -0.280753
1072 1 -0.159157 -0.999047 -0.288330
1073 1 -1.612052 -1.116935 -0.654875
1074 1 +0.631435 -0.084740 -0.148602
1075 1 +0.589350 +0.305881 -0.029480
1076 1 -1.340091 -0.471899 -0.373064
1077 1 -0.478486 -0.063182 +0.153852
1078 1 -0.214543 +0.130188 +0.143936
1079 1 +0.048299 +0.792108 +0.269859
1080 1 -0.923547 +0.544403 +0.117553
1081 1 +0.232664 +0.209377 +0.156067
1082 1 +1.746992 +0.791176 +0.501004
1083 1 +0.409363 +1.016505 +0.498519
1084 1 +1.327897 +0.597891 +0.756429
1085 1 +1.002679 +0.760864 +0.277729
1086 1 +1.171587 +0.442114 +0.382001
1087 1 +1.747204 +0.707321 +0.468051
1088 1 +0.201785 +0.640858 +0.092161
1089 1 +0.524357 -0.006439 -0.108657
1090 1 +0.071335 -0.132017 -0.159393
1091 1 +1.096740 +0.122592 -0.014506
1092 1 +1.285656 +0.358693 +0.241354
1093 1 -0.667214 -0.862725 -0.555424
1094 1 -0.261535 +0.529581 -0.140242
1095 1 -0.756914 -0.883846 -0.516018
1096 1 -1.474344 -1.832297 -0.636309
1097 1 +0.596105 +0.468417 +0.020768
1098 1 +0.027703 +0.097710 -0.059945
1099 1 -0.495189 -0.407320 -0.260875
1100 1 -0.011547 +0.336360 -0.088462
1101 1 -1.575320 -0.434663 -0.476642
1102 1 +0.003643 -0.725608 -0.257686
1103 1 +0.541093 +0.083350 -0.066526
1104 1 +1.699502 +0.305011 +0.432200
1105 1 +0.233618 -0.637578 +0.064201
1106 1 -0.045965 -0.100919 -0.108152
1107 1 +0.802387 -0.441007 +0.347261
1108 1 -1.033191 +0.053002 -0.149070
1109 1 -2.024178 -1.489258 -0.307074
1110 1 +0.873058 +0.266178 +0.239679
1111 1 -3.190923 -1.161031 -1.322201
1112 1 -1.616946 +0.126606 -0.710681
1113 1 -0.608180 -0.372906 -0.426973
1114 1 -1.120057 -0.304736 -0.433688
1115 1 +0.370929 -0.349499 -0.351914
1116 1 -0.772464 -0.357553 -0.689913
1117 1 -1.583641 -0.357262 -0.780574
1118 1 -1.157346 -0.219802 -0.575953
1119 1 +0.155446 -0.165165 -0.378184
1120 1 -1.436971 -0.165954 -0.778311
1121 1 -0.040884 +0.019498 -0.024057
1122 1 -0.616171 +0.278090 -0.159474
1123 1 -0.012840 -0.593196 -0.069726
1124 1 +0.257283 -0.687183 +0.010170
1125 1 -1.232467 -0.141021 -0.347201
1126 1 +1.241563 +0.873861 +0.047261
1127 1 -0.621486 +0.195814 -0.252460
1128 1 -0.992552 -1.179944 -0.414286
1129 1 +0.158916 -0.072822 +0.019533
1130 1 +0.065827 -0.860970 -0.014190
1131 1 +0.154852 +0.387531 -0.129213
1132 1 -0.260659 -0.528269 -0.489734
1133 1 -0.670309 -0.457780 -0.555049
1134 1 +0.262719 -0.566747 +0.037850
1135 1 -2.457097 -0.811065 -0.681539
1136 1 -0.541142 -0.304002 -0.376056
1137 1 +1.321594 -0.186523 +0.153255
1138 1 +1.088471 +0.199921 +0.109875
1139 1 -0.140326 +0.006413 -0.229574
1140 1 -0.415822 -0.494534 -0.335609
1141 1 -1.804811 -0.422402 -0.601229
1142 1 -0.529940 -0.125139 -0.397962
1143 1 -0.277059 -0.056889 -0.111703
1144 1 +1.497878 +0.777397 +0.292943
1145 1 +1.205622 +0.249030 +0.292771
1146 1 -1.599896 -0.481274 -0.562098
1147 1 -0.827774 -0.819462 -0.438990
1148 1 +0.270434 +1.016093 +0.117582
1149 1 +1.299588 +1.198684 +0.281671
1150 1 -0.562236 -0.750140 -0.360367
1151 1 +0.094988 +0.179039 -0.166209
1152 1 -0.044176 +0.638401 -0.177681
1153 1 +1.450921 -0.068857 +0.157575
1154 1 -0.618713 -0.389802 -0.227972
1155 1 -1.123813 -0.059133 -0.484922
1156 1 -0.908261 +0.489328 -0.017380
1157 1 -0.873125 -1.185572 -0.320222
1158 1 -0.767755 +0.074184 -0.117494
1159 2 -0.081606 +0.654121 +0.217773
1160 2 -0.578521 +0.264488 +0.138545
1161 2 +0.934019 +0.632415 +0.323942
1162 2 -0.247866 -0.170907 +0.136239
1163 2 -0.295234 +0.657961 +0.074997
1164 2 -1.751080 +0.121385 -0.410074
1165 2 -0.510803 -0.371828 -0.212323
1166 2 -0.310614 +0.896882 +0.139796
1167 2 +0.293618 +0.451236 +0.423177
1168 2 -0.101445 -0.044444 +0.171098
1169 2 -0.397603 -0.236616 +0.123878
1170 2 -0.915018 +0.698646 +0.286588
1171 2 +0.689840 +0.705388 +0.535791
1172 2 -1.638572 -0.534022 -0.364560
1173 2 +1.346753 +0.489741 +0.343473
1174 2 +1.255829 +0.387753 +0.328976
1175 2 +0.706723 +0.701353 +0.331106
1176 2 -0.787681 -0.694924 +0.072937
1177 2 -0.837320 +0.658146 +0.021857
1178 2 +0.892225 +0.357224 +0.362460
1179 2 -1.483669 +0.180277 +0.210346
1180 2 +3.279129 +1.430907 +1.083375
1181 2 +1.082627 +0.608974 +0.516271
1182 2 -1.058064 -0.733976 -0.068120
1183 2 +0.199882 +0.064400 +0.025853
1184 2 +0.260928 +0.758814 +0.525884
1185 2 +0.064899 -0.630441 -0.035184
1186 2 +1.031670 +0.867978 +0.417849
1187 2 -0.477802 -0.124047 +0.027117
1188 2 -1.281869 -0.001071 -0.127533
1189 2 +0.534920 -0.515879 +0.018673
1190 2 -0.157412 -0.800762 -0.091713
1191 2 -0.546763 -0.240376 +0.357695
1192 2 +1.582523 -0.178605 +0.697191
1193 2 +1.578204 +0.088888 +0.532624
1194 2 +0.926558 +0.593361 +0.596011
1195 2 -0.826675 +0.509189 +0.233509
1196 2 -1.442347 +0.143674 -0.248556
1197 2 +0.940718 +1.027234 +0.436419
1198 2 -0.347196 +0.161112 -0.177602
1199 2 +0.411790 +0.207215 +0.346412
1200 2 -1.567281 -0.339781 -0.124972
1201 2 +0.605754 +0.129950 +0.167928
1202 2 +0.311517 +0.607640 +0.377503
1203 2 +0.855669 +1.405097 +0.442085
1204 2 +0.796562 +0.952713 +0.432661
1205 2 +0.343792 +0.541111 +0.479742
1206 2 -0.506421 +0.142622 +0.213750
1207 2 +0.517469 -0.017786 +0.327414
1208 2 +0.228189 +0.952988 +0.333212
1209 2 +0.175867 -0.635104 +0.116142
1210 2 -1.333220 +0.429608 -0.413538
1211 2 +0.887845 +1.300093 +0.437775
1212 2 -0.767779 +0.620871 +0.067268
1213 2 +2.291834 +0.531026 +1.009379
1214 2 +2.532942 +1.235034 +0.925383
1215 2 +0.137288 +0.524369 +0.282939
1216 2 +0.323932 -0.724216 +0.015274
1217 2 +1.677499 +1.102364 +0.629384
1218 2 -0.055169 +0.838177 +0.320532
1219 2 -0.517566 +0.197373 +0.250331
1220 2 +1.184663 +1.271401 +0.590288
1221 2 +1.387650 +0.300329 +0.439102
1222 2 +1.202570 -0.038349 +0.641168
1223 2 -0.448342 +0.320385 +0.179574
1224 2 +1.673450 +0.902414 +0.695414
1225 2 -0.027553 +0.167091 +0.031561
1226 2 +0.515610 +0.226791 +0.118164
1227 2 +0.330027 +0.570281 +0.243759
1228 2 +0.617698 -0.437160 +0.329008
1229 2 -1.307516 -0.070648 -0.351694
1230 2 -1.433611 -1.206326 -0.449591
1231 2 -0.499105 -1.027374 -0.275917
1232 2 +1.888537 +1.237563 +0.669159
1233 2 +0.759025 +1.165374 +0.489068
1234 2 +0.898867 +0.944696 +0.294373
1235 2 +1.973230 +0.849599 +0.657310
1236 2 -1.015930 +0.414435 +0.061139
1237 2 +0.877398 +0.068990 +0.400699
1238 2 +0.661365 +0.850879 +0.366255
1239 2 +0.431772 +0.036974 +0.570163
1240 2 -0.034587 +0.254981 +0.172086
1241 2 -0.879656 -0.266917 -0.056041
1242 2 -0.058395 -0.169601 +0.068679
1243 2 +1.445629 +0.230119 +0.400086
1244 2 +0.187308 +0.042271 +0.204643
1245 2 +0.942287 +0.902954 +0.325018
1246 2 +1.560713 +0.409354 +0.484690
1247 2 -0.116672 +0.005643 +0.293771
1248 2 -0.264394 +0.049562 +0.270218
1249 2 +0.273243 -0.007358 +0.499413
1250 2 +1.781700 +0.081209 +0.739924
1251 2 -0.748144 +0.707636 +0.096042
1252 2 +1.866804 -0.184710 +0.439354
1253 2 +0.358141 +0.122286 +0.547479
1254 2 +0.070721 +0.307364 +0.477758
1255 2 +1.042817 +1.052938 +0.335419
1256 2 -1.670594 -1.009312 -0.348871
1257 2 +0.811111 -0.217847 +0.602175
1258 2 +0.192116 +0.628502 -0.009325
1259 2 -0.037857 -0.371652 -0.033004
1260 2 +1.236542 +0.329072 +0.464998
1261 2 +0.159096 +0.469010 +0.309508
1262 2 +0.347322 +0.634766 +0.388690
1263 2 +1.474572 +0.788760 +0.568420
1264 2 +1.658847 +1.040622 +0.926460
1265 2 +1.083161 +0.905093 +0.834672
1266 2 -1.087341 -0.752733 +0.018582
1267 2 +1.581179 +0.057152 +0.444054
1268 2 +0.282529 +0.888180 +0.473939
1269 2 +0.739440 +0.535781 +0.546789
1270 2 +0.249965 -0.260238 +0.135484
1271 2 +0.215211 -0.448783 +0.129943
1272 2 -1.110994 -0.152110 -0.119033
1273 2 +0.376374 +0.871359 +0.535297
1274 2 -0.430826 -0.132890 +0.084759
1275 2 -0.959782 +0.753578 -0.125466
1276 2 +0.870444 +0.485318 +0.532257
1277 2 +1.701638 +0.097645 +0.610141
1278 2 +0.539266 +0.981434 +0.394718
1279 2 +0.788051 +0.566000 +0.392864
1280 2 +0.505865 +0.351623 +0.340128
1281 2 +1.444912 +0.857122 +0.823390
1282 2 +0.162943 +0.317375 +0.618991
1283 2 +1.820804 +1.286899 +0.970221
1284 2 -0.048765 +0.546800 +0.401911
1285 2 -1.012179 -0.032605 -0.435860
1286 2 +0.658604 +0.555989 +0.313553
1287 2 +0.965216 +0.493735 +0.460760
1288 2 +0.359401 +0.445942 +0.207417
1289 2 +0.687749 -0.209895 +0.517635
1290 2 +0.334046 +1.025982 +0.461240
1291 2 -1.080895 +0.166281 +0.118896
1292 2 +0.563337 +0.750641 +0.459051
1293 2 -0.138333 +0.117380 -0.071508
1294 2 -0.197779 -0.499092 -0.080987
1295 2 +0.202341 +0.470993 +0.277059
1296 2 +0.268950 +0.631490 +0.195798
1297 2 +0.996508 +1.049644 +0.383024
1298 2 -0.061201 +1.054948 +0.214381
1299 2 -0.043379 +0.314281 +0.082169
1300 2 +0.411665 +0.090624 +0.278226
1301 2 +1.085961 +0.396028 +0.295711
1302 2 -1.422106 +0.319240 -0.104178
1303 2 -1.495701 -0.184348 -0.005081
1304 2 +0.042430 +0.558086 +0.340602
1305 2 +0.776480 +0.215911 +0.324071
1306 2 -0.240155 +0.179842 +0.199045
1307 2 +0.507854 -0.164328 +0.629245
1308 2 +0.403255 +0.240753 +0.216171
1309 2 -0.305389 +0.670672 +0.103184
1310 2 +0.397422 -0.213903 +0.224570
1311 2 -0.229011 +0.526530 -0.009980
1312 2 +0.290025 +0.555449 +0.425023
1313 2 -0.004977 +0.142887 +0.291009
1314 2 +1.335417 +0.854845 +0.786738
1315 2 +2.026503 +0.438920 +0.601711
1316 2 -0.120660 -0.202292 +0.029728
1317 2 +0.252362 -0.889786 +0.059655
1318 2 -1.030180 -0.625638 -0.296018
1319 2 -0.727451 +0.077407 +0.269612
1320 2 +2.813248 +1.144976 +0.856040
1321 2 +0.803793 -0.400168 +0.140247
1322 2 +0.539068 -0.210338 +0.276678
1323 2 +0.335975 +0.062911 +0.244297
1324 2 +1.467635 +0.611918 +0.427077
1325 2 -0.652857 +0.815805 +0.197870
1326 2 -1.032542 +0.190292 +0.043985
1327 2 +1.536893 +0.968609 +0.453659
1328 2 -0.388152 +0.630573 +0.126156
1329 2 +0.301090 +0.031432 +0.236049
1330 2 +0.231105 +0.681842 +0.392360
1331 2 -1.298137 -0.109078 -0.017963
1332 2 +1.063662 +0.710344 +0.895844
1333 2 +1.340502 +0.646948 +0.939984
1334 2 +0.047577 +0.544342 +0.210558
1335 2 +0.650365 +0.714990 +0.306667
1336 2 +0.022952 +0.772634 +0.448052
1337 2 +0.286591 +0.894601 +0.291449
1338 2 +0.945680 +0.291832 +0.507863
1339 2 +1.708706 +0.021975 +0.696187
1340 2 +0.981921 +0.638810 +0.389415
1341 2 -1.798943 +0.001562 -0.171172
1342 2 +1.393501 +0.398247 +0.657648
1343 2 +2.197237 +0.645429 +0.676214
1344 2 -0.297653 +0.572534 +0.354612
1345 2 +0.833366 -0.292863 +0.298544
1346 2 -0.437067 +0.138507 -0.027811
1347 2 +0.450696 +0.048390 -0.022047
1348 2 -0.758300 +0.015143 -0.214811
1349 2 +1.860565 +0.409987 +0.950138
1350 2 +0.933337 +0.688382 +0.802299
1351 2 -0.351572 +0.276676 -0.101246
1352 2 -0.653926 +0.299037 +0.133898
1353 2 +0.027490 -0.856386 -0.100097
1354 2 -1.715343 -0.534691 -0.377976
1355 2 -0.177519 +0.277048 +0.276079
1356 2 -0.206612 +0.552542 +0.220662
1357 2 +0.224034 -0.284100 -0.046389
1358 2 +1.389980 +0.835264 +0.669653
1359 2 -0.226967 +0.544277 +0.151338
1360 2 -0.273805 +0.174015 +0.229293
1361 2 -0.498995 -0.371396 +0.193388
1362 2 -0.108185 -0.035253 +0.294992
1363 2 +0.210386 -0.358396 +0.345786
1364 2 -0.072303 +0.205845 +0.112007
1365 2 +1.007287 -0.061171 +0.620115
1366 2 +2.228494 +1.058788 +1.032820
1367 2 +0.915665 +1.150332 +0.823501
1368 2 +0.523082 -0.206933 +0.410288
1369 2 -0.289952 -0.423077 +0.037792
1370 2 -0.141674 -0.164496 +0.093962
1371 2 -0.144556 +0.697951 +0.273421
1372 2 +0.766185 +0.143004 +0.329806
1373 2 +0.158927 +0.304399 +0.425868
1374 2 +0.154404 +0.354336 +0.512237
1375 2 +2.264781 +0.223823 +0.848719
1376 2 +0.006174 +0.139159 +0.267880
1377 2 -0.053261 +0.793215 +0.288197
1378 2 +2.032140 +0.362735 +0.827566
1379 2 +1.571821 +0.522680 +0.706147
1380 2 -0.843208 +0.099774 +0.321091
1381 2 -0.155652 +0.128834 +0.144281
1382 2 +1.133416 +0.676492 +0.445972
1383 2 +0.615345 -0.558774 +0.240174
1384 2 +1.500480 -0.416761 +0.361323
1385 2 -0.206225 -0.573459 +0.229264
1386 2 +0.320960 +0.047748 +0.316190
1387 2 +1.021668 +0.385564 +0.427911
1388 2 -0.399115 -0.523078 -0.156135
1389 2 -0.626032 +0.631810 +0.239366
1390 2 +0.184406 -0.083009 +0.126740
1391 2 +0.909738 +0.610098 +0.340069
1392 2 -0.325776 +0.409345 +0.002973
1393 2 +2.021509 +0.078616 +0.840297
1394 2 -0.625498 -0.558284 +0.097010
1395 2 +0.534187 +0.611322 +0.443158
1396 2 -0.797153 -0.243241 -0.006980
1397 2 +0.058122 +0.702614 +0.254636
1398 2 -0.768284 +0.531095 +0.423234
1399 2 +1.426528 -0.059943 +0.429262
1400 2 +0.163061 -0.360521 +0.375253
1401 2 -0.902819 -0.524985 +0.205308
1402 2 -1.810367 -0.437214 -0.407571
1403 2 +1.099330 +1.364710 +0.655195
1404 2 +0.236828 +0.207487 +0.182647
1405 2 +0.869789 +0.816487 +0.246898
1406 2 +1.320398 +1.184877 +0.673216
1407 2 +1.235112 -0.142537 +0.586148
1408 2 +0.980847 +0.481139 +0.545607
1409 2 -0.819816 +0.081752 -0.047388
1410 2 -0.159253 +0.135839 +0.057933
1411 2 +0.778082 -0.000211 +0.231744
1412 2 -0.287752 -0.068365 +0.050657
1413 2 +1.028264 +0.206224 +0.358811
1414 2 +0.828553 +0.672100 +0.652320
1415 2 +1.817920 +0.557340 +0.810066
1416 2 -0.330097 +0.497229 +0.463523
1417 2 +0.107976 +0.341284 +0.018227
1418 2 -1.112649 -0.389207 -0.099821
1419 2 +1.288336 +0.618948 +0.604026
1420 2 -1.845835 +0.039861 -0.258209
1421 2 -1.111401 -0.283348 -0.141110
1422 2 +1.371552 +0.559793 +0.581394
1423 2 -0.149626 +0.151038 +0.075444
1424 2 -1.952549 -0.836646 -0.513654
1425 2 +1.987771 +0.223772 +0.697647
1426 2 +1.475010 +1.175729 +0.983262
1427 2 -0.960836 +0.005380 +0.148356
1428 2 -0.612452 -0.277251 -0.055402
1429 2 +0.854633 +0.766702 +0.178512
1430 2 +1.366893 +0.841664 +0.624957
1431 2 +0.782688 +0.472264 +0.479682
1432 2 +0.302390 +0.071749 +0.068390
1433 2 +0.877204 +0.332733 +0.387339
1434 2 +0.135163 -0.071919 +0.326926
1435 2 +0.570164 +0.747101 +0.350999
1436 2 +0.244376 -0.066581 +0.102606
1437 2 +0.132041 +0.320043 +0.162948
1438 2 +0.978801 +0.959882 +0.297957
1439 2 -0.088038 -0.125900 +0.062932
1440 2 +0.800729 +0.512007 +0.170387
1441 2 -0.846177 -0.368273 -0.064344
1442 2 +0.420811 +0.892918 +0.455586
1443 2 -0.964149 -0.018057 -0.005489
1444 2 +1.389594 +0.089446 +0.670003
1445 2 +0.229316 +0.038268 +0.167724
1446 2 +0.157158 +0.946197 +0.492689
1447 2 -0.679975 +0.152940 +0.359216
1448 2 +1.981737 +1.188790 +0.752429
1449 2 +0.057404 +0.739711 +0.445611
1450 2 +0.492275 +0.670930 +0.386155
1451 2 +1.242227 +1.376505 +0.505729
1452 2 +0.168152 +0.284472 +0.126312
1453 2 +0.531760 +0.298732 +0.184286
1454 2 +1.631998 +1.192029 +0.891539
1455 2 +2.169496 +0.982335 +0.977238
1456 2 +2.194237 +0.987504 +0.987949
1457 2 -1.052970 -0.459068 -0.100149
1458 2 -0.045381 +0.076331 +0.060502
1459 2 +0.554192 +0.568106 +0.761391
1460 2 +0.887798 +1.533328 +0.814582
1461 2 +0.759328 +0.081031 +0.317375
1462 2 -0.078233 -0.434637 +0.166192
1463 2 +1.109701 -0.028513 +0.355598
1464 2 -0.503454 +0.118623 +0.304713
1465 2 -0.007677 +0.082837 +0.116724
1466 2 -1.260287 -0.125443 -0.082994
1467 2 +1.741069 +0.776553 +0.639715
1468 2 +1.137519 +0.736028 +0.607587
1469 2 -0.110982 +0.215377 +0.408525
1470 2 -0.901479 -0.106652 +0.153810
1471 2 -0.450152 -0.357161 +0.024820
1472 2 -0.774635 -0.535625 -0.336929
1473 2 -0.507563 +0.024005 +0.109539
1474 2 -0.357652 +0.251067 +0.157375
1475 2 +0.372111 +0.484249 +0.251642
1476 2 -1.427161 -0.013764 +0.013218
1477 2 -0.498133 +0.317942 +0.202717
1478 2 +0.626344 +0.253583 +0.382005
1479 2 -0.093825 -0.254796 +0.031488
1480 2 -0.278893 -0.234176 -0.133884
1481 2 -0.457014 +0.378610 +0.334131
1482 2 +2.397289 +1.408044 +0.676324
1483 2 +1.438275 +1.066324 +0.769725
1484 2 +0.251468 -0.428547 +0.134300
1485 2 +0.533341 +0.891129 +0.489076
1486 2 -0.407643 +0.022083 -0.033556
1487 2 +1.086278 +0.123808 +0.264485
1488 2 -0.367587 +0.339922 +0.032679
1489 2 -1.365562 +0.909177 -0.029630
1490 2 -0.898802 -0.046594 +0.085266
1491 2 -0.744862 -0.446460 +0.035778
1492 2 -0.138652 -0.305596 +0.132433
1493 2 +1.877356 +0.576450 +0.561934
1494 2 +0.056488 +0.430204 +0.429751
1495 2 -1.244929 -0.481033 -0.127045
1496 2 +0.762570 +0.130828 +0.436055
1497 2 +1.154833 +0.998589 +0.779672
1498 2 -0.500539 -0.197864 -0.142480
1499 2 -0.401432 +0.513686 +0.146379
1500 2 +1.634528 +0.970419 +0.470995
1501 2 +0.839133 +0.687435 +0.606249
1502 2 +0.659490 +0.421286 +0.577607
1503 2 +0.310039 +0.662525 +0.025844
1504 2 -0.196224 +0.184199 +0.190526
1505 2 -0.032408 -0.145975 +0.293129
1506 2 +0.787433 +0.497941 +0.527794
1507 2 -0.002863 +0.107617 +0.086112
1508 2 -0.523156 -0.226859 +0.085049
1509 2 +0.766258 +0.464034 +0.619619
1510 2 +0.349389 -0.065154 +0.553153
1511 2 -0.169356 +0.381136 +0.337803
1512 2 +0.942290 +0.622000 +0.239905
1513 2 +0.247993 +0.243592 +0.229901
1514 2 -0.715031 +0.599022 +0.298998
1515 2 +0.737205 +1.328933 +0.400062
1516 2 +1.277706 +0.670985 +0.488772
1517 2 +1.770212 +0.423182 +0.725365
1518 2 -1.342766 +0.060197 +0.028241
1519 2 +0.460959 +0.731252 +0.366561
1520 2 -0.105384 -0.296765 +0.053607
1521 2 -0.592795 +0.246049 -0.024107
1522 2 -0.567051 -0.372509 +0.038304
1523 2 +2.551867 +0.488027 +0.695229
1524 2 +0.291210 -0.272709 +0.313455
1525 2 -0.802267 -0.249271 +0.191595
1526 2 +0.357925 +1.121508 +0.486984
1527 2 +2.227973 +0.901642 +0.785147
1528 2 -0.408977 -0.142005 -0.068614
1529 2 -1.343681 -0.465568 -0.233619
1530 2 -0.977304 +0.568722 +0.040000
1531 2 -1.864113 -0.325232 -0.208360
1532 2 +1.755118 +1.029190 +0.850293
1533 2 +2.564830 +0.361446 +0.772964
1534 2 +0.381422 +0.032210 +0.424839
1535 2 +0.932640 +0.831410 +0.558953
1536 2 +0.136178 +0.262686 +0.431964
1537 2 +0.052502 +0.273620 +0.134474
1538 2 +0.938383 +0.005222 +0.193807
1539 2 +0.584310 +0.708237 +0.495506
1540 2 +2.525649 +0.783790 +0.697727
1541 2 -0.607924 -1.166658 -0.126769
1542 2 +0.209419 +0.023336 +0.345373
1543 2 +0.842612 +0.307421 +0.377253
1544 2 +0.263116 +0.368991 -0.116839
1545 2 +0.290273 +0.436375 +0.457792
1546 2 -0.310980 +0.243726 -0.093402
1547 2 +0.099691 +0.772814 +0.387019
1548 2 +0.166827 -0.828878 +0.267597
1549 2 +0.811664 +0.543150 +0.432999
1550 2 +0.072387 +0.100430 +0.118696
1551 2 -0.624641 -0.168834 -0.038409
1552 2 -0.475269 +0.024492 +0.080919
1553 2 +0.409839 -0.000963 +0.182771
1554 2 +0.789954 +0.780127 +0.478123
1555 2 +0.119593 -0.416316 +0.336352
1556 2 -1.474022 -0.888574 -0.132984
1557 2 +1.413799 +0.373209 +0.395688
1558 2 +2.425170 +0.181367 +0.806928
1559 2 +0.848803 +0.663113 +0.413227
1560 2 +0.757231 +0.982278 +0.262314
1561 2 +1.189957 +1.195176 +0.331308
1562 2 -0.085762 +0.315226 +0.121192
1563 2 +0.512125 +1.303408 +0.549752
1564 2 -0.133908 +0.087781 +0.228660
1565 2 +0.452520 +0.526906 +0.385143
1566 2 +0.730547 +0.053887 +0.277880
1567 2 +0.971285 +0.417908 +0.388925
1568 2 +1.389188 +0.710310 +0.436922
1569 2 +1.088771 +0.205738 +0.600680
1570 2 -0.636663 +0.341907 +0.093138
1571 2 +0.795890 +0.997536 +0.537916
1572 2 +1.340317 +0.798832 +0.548375
1573 2 -0.096650 +0.419288 +0.249963
1574 2 -0.436192 +0.177211 +0.196271
1575 2 +1.513041 +0.776742 +0.577029
1576 2 +0.611587 +0.293455 +0.433300
1577 2 +1.586787 +0.602410 +0.559768
1578 2 -1.310151 -0.215738 +0.032791
1579 2 +0.556080 +0.718678 +0.270060
1580 2 -0.784244 -0.199642 +0.174110
1581 2 -0.385204 -0.191530 -0.298188
1582 2 -1.800784 -0.275993 -0.165114
1583 2 -0.332617 +0.678148 +0.034594
1584 2 -0.236206 -0.116371 +0.001572
1585 2 -0.055124 +0.238837 +0.198134
1586 2 +0.386974 +0.463467 +0.306562
1587 2 -0.773960 -0.279482 -0.030804
1588 2 +0.055737 +0.886650 +0.378658
1589 2 +3.091373 +1.189272 +0.929924
1590 2 +1.590947 +0.589431 +0.627807
1591 2 +0.941848 +0.804494 +0.412663
1592 2 +0.752969 -0.059222 +0.164728
1593 2 +0.047479 -0.539300 +0.052243
1594 2 +0.373201 +0.693213 +0.378777
1595 2 -0.233953 +0.211802 +0.281971
1596 2 -0.398843 +0.107112 +0.520035
1597 2 +1.001714 +0.167185 +0.743341
1598 2 +0.445561 +0.965159 +0.313812
1599 2 +1.192095 +0.517500 +0.500283
1600 2 -0.343497 +0.006498 +0.367856
1601 2 -1.337833 +0.310597 -0.253681
1602 2 -0.557467 +0.288895 +0.200443
1603 2 -0.507351 +0.259747 +0.208241
1604 2 -0.380727 -0.172015 +0.301285
1605 2 +2.048637 +0.974446 +0.868806
1606 2 +1.425136 +0.907122 +0.572410
1607 2 -0.217383 +0.206646 +0.249890
1608 2 -0.050551 +0.118714 -0.173098
1609 2 +0.359910 +0.873994 +0.539753
1610 2 +0.714193 +0.836692 +0.403540
1611 2 +0.692151 +0.351269 +0.400026
1612 2 +1.330444 +0.426527 +0.534563
1613 2 +1.484559 +0.943645 +0.602774
1614 2 +0.844995 -0.040336 +0.500801
1615 2 +0.429181 -0.138220 +0.505870
1616 2 +1.721707 +1.023044 +0.699003
1617 2 -1.810873 -0.686705 -0.423263
1618 2 -1.463302 -0.181282 -0.053939
1619 2 +0.100918 +0.650451 +0.413891
1620 2 +0.505272 +1.244728 +0.478361
1621 2 -0.412913 +0.829396 +0.120029
1622 2 -0.403669 +0.402361 +0.099913
1623 2 +0.308805 +0.231530 +0.210020
1624 2 +0.111933 +0.126155 +0.178631
1625 2 -0.651852 -0.655289 +0.008014
1626 2 -1.767013 -0.464709 -0.096762
1627 2 -0.855080 -0.091986 -0.054578
1628 2 +0.700887 +0.089405 +0.165412
1629 2 +1.026404 -0.128679 +0.310047
1630 2 -1.134902 -0.610829 -0.402203
1631 2 -0.354181 +0.544875 +0.135526
1632 2 +0.418009 -0.308211 +0.412692
1633 2 +0.502496 +0.345486 +0.426162
1634 2 -0.510928 +0.819337 +0.001752
1635 2 +0.050247 +0.046282 +0.164055
1636 2 -0.210118 -0.267949 +0.459809
1637 2 +1.019784 +0.677500 +0.482853
1638 2 +1.350461 +0.234152 +0.507902
1639 2 +0.728889 +0.943408 +0.585697
1640 2 +0.952525 +0.231582 +0.593314
1641 2 -1.844328 -0.043536 -0.051732
1642 2 +1.451809 +1.041667 +0.872866
1643 2 +1.161621 +1.359316 +0.454308
1644 2 -0.869003 -0.766807 -0.212622
1645 2 +0.239045 -0.672198 +0.111833
1646 2 +0.028010 +0.824894 +0.359036
1647 2 +1.496296 +0.442318 +0.305904
1648 2 -0.448536 +0.886942 +0.100133
1649 2 +0.748795 +0.459120 +0.472311
1650 2 -0.125686 -0.137042 +0.065934
1651 2 +1.480872 +0.884051 +0.822568
1652 2 -0.416585 +0.614265 +0.013685
1653 2 -1.225621 -0.593401 -0.274940
1654 2 +0.319313 -0.063356 +0.291471
1655 2 -0.133073 +0.209461 -0.013172
1656 2 +1.208158 +0.670127 +0.725788
1657 2 +0.624650 +0.338071 +0.274711
1658 2 -0.077675 +0.713143 +0.341594
1659 2 +0.071967 +0.043121 +0.300970
1660 2 +0.491038 +0.648136 +0.369377
1661 2 +0.789441 +0.370386 +0.275777
1662 2 +0.774018 +0.609454 +0.273318
1663 2 +0.431988 -0.356035 +0.544632
1664 2 +1.435225 +1.032324 +0.704590
1665 2 +0.172206 +0.546095 +0.143719
1666 2 -1.889372 -0.832883 -0.369687
1667 2 +0.716092 +0.478153 +0.361081
1668 2 -0.646004 +0.032706 -0.153163
1669 2 +0.667057 -0.908390 +0.264131
1670 2 -0.604236 -0.191952 +0.061435
1671 2 -0.051789 -0.050306 +0.031873
1672 2 -0.553021 +0.237719 -0.048044
1673 2 -0.838244 +0.114757 -0.043789
1674 2 +0.608789 +0.393202 +0.473126
1675 2 -0.796070 -0.214750 -0.333261
1676 2 +0.797124 +0.266384 -0.079240
1677 2 +1.206345 -0.330685 +0.529250
1678 2 -1.534873 -0.363002 -0.159653
1679 2 +2.313267 +1.361726 +1.070764
1680 2 -0.490405 +0.161954 +0.104411
1681 2 +1.450616 +0.078065 +0.672814
1682 2 +0.641600 -0.043528 +0.309822
1683 2 +0.331140 +0.807915 +0.322975
1684 2 +0.894423 -0.041449 +0.290438
1685 2 +1.693412 +0.913697 +0.563868
1686 2 +0.344355 +0.509549 +0.348772
1687 2 +0.102472 +0.590445 -0.057930
1688 2 -0.413177 +0.269680 -0.140146
1689 2 +0.400896 +0.474570 +0.313674
1690 2 +0.905581 -0.057828 +0.359749
1691 2 +0.611554 +1.090135 +0.312869
1692 2 -2.179233 -0.522850 -0.441544
1693 2 +0.991437 +0.842922 +0.225355
1694 2 +0.207103 +0.318620 +0.100300
1695 2 +1.592863 +0.764199 +0.712363
1696 2 -0.914316 +0.605089 -0.078399
1697 2 +1.737253 +1.425361 +0.751882
1698 2 +0.922629 +0.210285 +0.585844
1699 2 +1.256481 +0.790490 +0.639073
1700 2 -2.451650 -0.314839 -0.595311
1701 2 -0.199421 +0.861101 +0.296389
1702 2 +0.324327 +0.985051 +0.343244
1703 2 +0.549651 -0.133529 +0.298942
1704 2 +0.548176 +0.649200 +0.631735
1705 2 -1.114556 -0.395958 -0.020243
1706 2 +0.550776 +0.505669 +0.245280
1707 2 +1.240401 +1.262128 +0.443583
1708 2 -0.947702 +0.469664 +0.094709
1709 2 -0.638901 +0.312879 +0.178785
1710 2 -0.193211 -0.344101 +0.036628
1711 2 +0.826324 -0.012103 +0.199184
1712 2 +1.638997 +0.853033 +0.312686
1713 2 -1.200755 +1.134398 +0.073643
1714 2 -0.324136 +0.089486 +0.245860
1715 2 +0.515099 -0.192108 +0.379669
1716 2 +0.043128 +0.060397 +0.467348
1717 2 -2.201857 -0.679246 -0.414594
1718 2 -0.739453 -0.987305 -0.023140
1719 2 -0.659305 -0.388747 -0.044545
1720 2 +0.996425 +0.452766 +0.522131
1721 2 +1.409618 +0.575687 +0.588011
1722 2 +1.025094 -0.332418 +0.657694
1723 2 -0.461310 +0.161303 +0.358628
1724 2 +0.209720 +0.328207 +0.465618
1725 2 -0.742337 -0.024026 +0.245613
1726 2 +0.149242 +0.218850 +0.387767
1727 2 +0.592349 -0.036762 +0.344917
1728 2 -0.408076 +0.540181 +0.170341
1729 2 -0.188489 +0.045776 +0.130046
1730 2 +0.323288 -0.153630 +0.338934
1731 2 +1.554863 +0.706378 +0.535298
1732 2 +2.186868 +1.155059 +0.537457
1733 2 +1.190713 -0.026829 +0.357986
1734 2 -0.263725 -0.819082 +0.197224
1735 2 +0.622832 +0.193338 +0.223110
1736 2 -0.777640 -0.313999 +0.374404
1737 2 +0.549551 +0.546580 +0.307281
1738 2 +1.376522 +0.617070 +0.727423
1739 2 -0.818684 -0.111335 +0.001940
1740 2 +1.542123 +1.035230 +0.643387
1741 2 +1.095981 +0.802069 +0.572254
1742 2 +0.617604 -0.394696 +0.293222
1743 2 -0.008289 +0.162682 +0.200968
1744 2 +1.070948 -0.306742 +0.373043
1745 2 -1.509803 -0.433614 -0.195993
1746 2 +1.000303 +0.219110 +0.204222
1747 2 +0.396313 -0.259448 +0.283531
1748 2 +0.217226 -0.053771 +0.326430
1749 2 +0.319533 +0.139347 +0.342742
1750 2 -0.304658 +0.678399 +0.196206
1751 2 +0.293732 -0.598925 +0.173820
1752 2 -0.091867 +0.666910 +0.285264
1753 2 +1.927938 +0.812977 +0.796085
1754 2 +1.335743 +0.743520 +0.553328
1755 2 -0.968455 -0.368589 -0.175946
