1 1 35590
2 1 843300
3 1 1535110
4 1 2239420
5 1 2542610
6 1 3187240
7 1 3422740
8 1 3560050
9 1 3987200
10 1 5225830
11 1 5879270
12 1 6188420
13 1 6267290
14 1 7673930
15 1 8467220
16 1 8621390
17 1 9070930
18 1 9404520
19 1 10162010
20 1 10394440
21 1 10633340
22 1 11803460
23 1 11867180
24 1 11904900
25 1 11972600
26 1 12164330
27 1 12183790
28 1 12231130
29 1 12454780
30 1 13001690
31 1 13835800
32 1 14357300
33 1 16215140
34 1 16614490
35 1 17093930
36 1 17239760
37 1 17490600
38 1 17703010
39 1 18773940
40 1 18892950
41 1 19159890
42 1 19176920
43 1 20487110
44 1 20588530
45 1 21246740
46 1 21337500
47 1 21366840
48 1 21387100
49 1 21947410
50 1 22102350
51 1 22504140
52 1 22910290
53 1 23154290
54 1 23722330
55 1 23896560
56 1 25168230
57 1 25173950
58 1 26123260
59 1 27795070
60 1 27901090
61 1 30332000
62 1 30725520
63 1 30842650
64 1 31068350
65 1 32031570
66 1 32370280
67 1 32645190
68 1 33005730
69 1 33132920
70 1 34203480
71 1 34864950
72 1 34968970
73 1 35815670
74 1 36415500
75 1 36994830
76 1 37592560
77 1 38952950
78 1 39542930
79 1 41621320
80 1 41860180
81 1 42247650
82 1 42486790
83 1 42661750
84 1 43752480
85 1 43794330
86 1 43904650
87 1 45040040
88 1 45645090
89 1 45998310
90 1 46509830
91 1 46622140
92 1 46909760
93 1 47293910
94 1 47395150
95 1 47993190
96 1 49765530
97 1 51609590
98 1 53236050
99 1 53468820
100 1 53793270
101 1 53996660
102 1 55318620
103 1 55792120
104 1 56111950
105 1 56776350
106 1 57088940
107 1 57862740
108 1 57977110
109 1 58172870
110 1 58672990
111 1 59123800
112 1 59440590
113 1 60065320
114 1 60327140
115 1 60775880
116 1 61589990
117 1 61856250
118 1 62674000
119 1 63222400
120 1 66320020
121 1 66971400
122 1 67897460
123 1 69189290
124 1 69737950
125 1 70086400
126 1 70262080
127 1 70364230
128 1 70393250
129 1 71993650
130 1 72561690
131 1 72922130
132 1 73409520
133 1 73931670
134 1 74217150
135 1 74535380
136 1 75180520
137 1 75372490
138 1 75472710
139 1 75961700
140 1 76209710
141 1 77012650
142 1 77106090
143 1 77160620
144 1 77289100
145 1 79073910
146 1 80043280
147 1 80425720
148 1 81397390
149 1 81833840
150 1 81858550
151 1 82428560
152 1 82616300
153 1 82734690
154 1 84423750
155 1 84964670
156 1 85408000
157 1 85571170
158 1 85910460
159 1 86082310
160 1 86232750
161 1 86264580
162 1 86299180
163 1 87572470
164 1 88792870
165 1 89612020
166 1 90597660
167 1 90810780
168 1 91526460
169 1 92134210
170 1 92423810
171 1 93570910
172 1 94782420
173 1 96238900
174 1 96434550
175 1 97413390
176 1 98230700
177 1 98995080
178 1 99643880
179 1 99921920
180 2 252710
181 2 634350
182 2 1166450
183 2 1387430
184 2 1582960
185 2 2108920
186 2 3876580
187 2 4167900
188 2 4236860
189 2 4787410
190 2 4810500
191 2 5763380
192 2 6235680
193 2 6278090
194 2 6851900
195 2 7125010
196 2 7560220
197 2 8176120
198 2 8789580
199 2 8947120
200 2 9671690
201 2 10401380
202 2 11134640
203 2 11551960
204 2 11554920
205 2 11718180
206 2 11865740
207 2 12200610
208 2 12543840
209 2 13020540
210 2 13721100
211 2 14038980
212 2 14292820
213 2 15181740
214 2 15782270
215 2 16399980
216 2 17871970
217 2 18833680
218 2 18953830
219 2 19425220
220 2 20060450
221 2 20444570
222 2 20595060
223 2 20793670
224 2 20868540
225 2 21367840
226 2 22646320
227 2 22878770
228 2 23000090
229 2 23037450
230 2 23064050
231 2 23323950
232 2 23412090
233 2 23489980
234 2 23724600
235 2 23828300
236 2 25793040
237 2 25880760
238 2 26034600
239 2 26216740
240 2 26388980
241 2 29859860
242 2 30103220
243 2 32014900
244 2 32085430
245 2 32665510
246 2 33483950
247 2 33529850
248 2 33813080
249 2 34715170
250 2 34862610
251 2 35054560
252 2 35876510
253 2 36135520
254 2 37220190
255 2 37644030
256 2 39321360
257 2 39812820
258 2 39829020
259 2 41358680
260 2 41835530
261 2 41873990
262 2 41974000
263 2 43455900
264 2 43524700
265 2 44010930
266 2 44220400
267 2 44397440
268 2 45009320
269 2 45015680
270 2 45572420
271 2 45632800
272 2 45805560
273 2 45854520
274 2 45934140
275 2 46027720
276 2 46112010
277 2 46356780
278 2 46526370
279 2 48372940
280 2 48427150
281 2 48915450
282 2 49603610
283 2 51242860
284 2 51312440
285 2 51848360
286 2 52932060
287 2 53095810
288 2 53388160
289 2 55040680
290 2 55327660
291 2 55487500
292 2 57125840
293 2 57243430
294 2 57355850
295 2 57542390
296 2 58081230
297 2 58264580
298 2 58429620
299 2 58817810
300 2 59060530
301 2 59216820
302 2 59359750
303 2 59602730
304 2 60033010
305 2 61193780
306 2 61580970
307 2 61779860
308 2 62283660
309 2 62508630
310 2 63780210
311 2 64259470
312 2 64688550
313 2 64799490
314 2 64964160
315 2 65278860
316 2 65334470
317 2 66128270
318 2 66941280
319 2 67851770
320 2 68614890
321 2 69964640
322 2 70489900
323 2 71054350
324 2 71810980
325 2 71847390
326 2 72850440
327 2 72862820
328 2 73078090
329 2 73228810
330 2 73477280
331 2 73814480
332 2 74737040
333 2 74750440
334 2 75456110
335 2 75517760
336 2 76058520
337 2 76986600
338 2 77295430
339 2 77439860
340 2 77668740
341 2 79574010
342 2 79721160
343 2 79957880
344 2 80287480
345 2 80392100
346 2 81298830
347 2 81885920
348 2 82883840
349 2 83001610
350 2 83495890
351 2 84018120
352 2 84510250
353 2 86091160
354 2 89271250
355 2 90064510
356 2 90565220
357 2 91684940
358 2 91889930
359 2 92677370
360 2 92697490
361 2 93358500
362 2 97279360
363 2 99664250
364 3 2933940
365 3 3439010
366 3 4170710
367 3 4301560
368 3 5052510
369 3 5177050
370 3 8603840
371 3 8645160
372 3 9396220
373 3 9838470
374 3 10110480
375 3 10579660
376 3 10945770
377 3 11249720
378 3 11863170
379 3 12376970
380 3 13053420
381 3 14743280
382 3 14762680
383 3 15049560
384 3 15335810
385 3 15844850
386 3 16991880
387 3 17578330
388 3 17715780
389 3 18612120
390 3 20206720
391 3 22000800
392 3 22505810
393 3 23212580
394 3 24030520
395 3 24035470
396 3 24129220
397 3 24454370
398 3 24933920
399 3 25122160
400 3 25315910
401 3 26563580
402 3 26994120
403 3 27303010
404 3 27475220
405 3 29716960
406 3 30689100
407 3 30787060
408 3 31430970
409 3 33876630
410 3 34095760
411 3 34618830
412 3 34932230
413 3 35665770
414 3 37000570
415 3 37455280
416 3 37524760
417 3 38403260
418 3 40191740
419 3 40297620
420 3 41422640
421 3 42112720
422 3 42202990
423 3 42485090
424 3 43981520
425 3 44866850
426 3 45261440
427 3 45701410
428 3 45834280
429 3 45875330
430 3 47365550
431 3 47645330
432 3 47647830
433 3 49533420
434 3 49637180
435 3 52133380
436 3 52517220
437 3 52653980
438 3 53815720
439 3 54304380
440 3 55587270
441 3 55702620
442 3 55718930
443 3 56355830
444 3 57655380
445 3 57665600
446 3 57933510
447 3 58959060
448 3 59301910
449 3 59477970
450 3 59654930
451 3 60283380
452 3 62631880
453 3 62772060
454 3 63213140
455 3 64419770
456 3 64778070
457 3 64784520
458 3 65106340
459 3 66308250
460 3 66312090
461 3 66988230
462 3 67156150
463 3 67705630
464 3 69228820
465 3 69908120
466 3 69973990
467 3 70249700
468 3 70629950
469 3 70942720
470 3 71058310
471 3 72272230
472 3 72529080
473 3 73724380
474 3 74679440
475 3 75072950
476 3 76488750
477 3 78352100
478 3 78550520
479 3 80353590
480 3 80884590
481 3 81374180
482 3 81692480
483 3 82946710
484 3 82974800
485 3 83452400
486 3 83593180
487 3 84697770
488 3 84700960
489 3 88130110
490 3 88375970
491 3 88924050
492 3 88964340
493 3 88988390
494 3 90513030
495 3 90723350
496 3 91078970
497 3 91230730
498 3 91889690
499 3 92407390
500 3 92701600
501 3 92798390
502 3 92882310
503 3 93191680
504 3 94743630
505 3 95238830
506 3 95705560
507 3 96027500
508 3 96419330
509 3 96666770
510 3 96713270
511 3 97753850
512 3 97866770
513 3 99495390
514 3 99929270
515 3 99933630
516 4 794160
517 4 1460770
518 4 1545390
519 4 2920420
520 4 2929280
521 4 3032970
522 4 4640530
523 4 4895330
524 4 5002650
525 4 5009550
526 4 5454880
527 4 5556110
528 4 5856470
529 4 8665190
530 4 11796240
531 4 12162710
532 4 12396080
533 4 12922810
534 4 13635010
535 4 13889260
536 4 14308400
537 4 14795850
538 4 15329470
539 4 15336020
540 4 15634750
541 4 15903870
542 4 16396390
543 4 16473550
544 4 18544680
545 4 19240190
546 4 19709540
547 4 20346010
548 4 20426580
549 4 21264310
550 4 21365930
551 4 21459580
552 4 22313950
553 4 22679850
554 4 23342000
555 4 25244180
556 4 25372160
557 4 26594980
558 4 28151890
559 4 28611850
560 4 28804520
561 4 29431160
562 4 29958730
563 4 30300420
564 4 30507070
565 4 31802750
566 4 32576160
567 4 32653900
568 4 32772700
569 4 32819550
570 4 33003890
571 4 34657550
572 4 34767490
573 4 35168940
574 4 36194180
575 4 37209890
576 4 38921710
577 4 39251620
578 4 39734950
579 4 39895960
580 4 40178680
581 4 41432840
582 4 42512670
583 4 42526430
584 4 43097370
585 4 43135100
586 4 46668190
587 4 46836450
588 4 47375190
589 4 48162490
590 4 48898420
591 4 48914320
592 4 48963310
593 4 51310380
594 4 53014500
595 4 53259620
596 4 53352930
597 4 53478110
598 4 53870370
599 4 55335490
600 4 58207240
601 4 59242660
602 4 59602420
603 4 60391740
604 4 60442630
605 4 60950470
606 4 61331000
607 4 62142380
608 4 62415760
609 4 63951770
610 4 63966310
611 4 64019360
612 4 64201080
613 4 64769600
614 4 64799640
615 4 64819050
616 4 64928170
617 4 65638730
618 4 66186500
619 4 66981710
620 4 67141380
621 4 68342130
622 4 68512600
623 4 68981420
624 4 69036620
625 4 69138930
626 4 69903690
627 4 70720520
628 4 70877750
629 4 71205890
630 4 72266110
631 4 72268770
632 4 72403960
633 4 73271880
634 4 74762630
635 4 75699130
636 4 75717910
637 4 75833910
638 4 76724460
639 4 77847310
640 4 78356580
641 4 78454560
642 4 80402230
643 4 82037090
644 4 82864690
645 4 84364290
646 4 84366730
647 4 85063650
648 4 85349890
649 4 85774690
650 4 86715000
651 4 87026220
652 4 89627580
653 4 91144800
654 4 92708040
655 4 92971920
656 4 93046520
657 4 93360150
658 4 93494880
659 4 94243500
660 4 94329670
661 4 96021930
662 4 96167510
663 4 97578430
664 4 97901680
665 4 99199540
666 4 99475650
667 4 99596660
668 5 369620
669 5 1862570
670 5 2128270
671 5 2452820
672 5 3019990
673 5 4400330
674 5 4938930
675 5 5019410
676 5 5590220
677 5 6473080
678 5 6676990
679 5 8124530
680 5 8467060
681 5 8653340
682 5 9344220
683 5 9621820
684 5 10786080
685 5 11013750
686 5 11061040
687 5 11444960
688 5 11726690
689 5 12274410
690 5 12332980
691 5 12415730
692 5 12869520
693 5 13025920
694 5 13322700
695 5 13455470
696 5 13610700
697 5 13978990
698 5 13989770
699 5 14883470
700 5 15123190
701 5 15495790
702 5 16634400
703 5 16765480
704 5 17151110
705 5 17837450
706 5 17896770
707 5 18215810
708 5 19080900
709 5 19610030
710 5 22391600
711 5 22839240
712 5 22942320
713 5 23541310
714 5 23718190
715 5 23843360
716 5 24591290
717 5 25636710
718 5 25958390
719 5 26827750
720 5 27111540
721 5 27368670
722 5 27377950
723 5 27774240
724 5 28509070
725 5 29088300
726 5 29167890
727 5 29832340
728 5 30197890
729 5 30613590
730 5 30987240
731 5 32173270
732 5 33151800
733 5 33900900
734 5 33981760
735 5 34660410
736 5 34913180
737 5 35156140
738 5 35244800
739 5 36923340
740 5 37704780
741 5 37936990
742 5 38032300
743 5 38342520
744 5 39982260
745 5 41911580
746 5 43023430
747 5 43444010
748 5 44818210
749 5 45229290
750 5 46234120
751 5 46925860
752 5 49077570
753 5 51072840
754 5 51775040
755 5 51799370
756 5 51882340
757 5 52326910
758 5 52503520
759 5 52628800
760 5 53074990
761 5 53288260
762 5 53363270
763 5 54761900
764 5 56069490
765 5 56554120
766 5 57326830
767 5 58613470
768 5 59067100
769 5 60011820
770 5 60274930
771 5 60919040
772 5 62032300
773 5 63260120
774 5 63387550
775 5 63502760
776 5 65419460
777 5 66129950
778 5 66183260
779 5 66222600
780 5 66750330
781 5 67168230
782 5 67208250
783 5 67376730
784 5 69268710
785 5 69844920
786 5 69955480
787 5 70349070
788 5 70638130
789 5 71446250
790 5 71563030
791 5 72253650
792 5 72286680
793 5 72750950
794 5 72972460
795 5 76383970
796 5 76412240
797 5 78126560
798 5 78346440
799 5 78413590
800 5 79383420
801 5 79470690
802 5 79509010
803 5 81038270
804 5 81791630
805 5 81820740
806 5 84380360
807 5 84909510
808 5 85324700
809 5 85803410
810 5 86831480
811 5 86997650
812 5 87030710
813 5 87738700
814 5 88246640
815 5 88734500
816 5 89082180
817 5 90050430
818 5 90449460
819 5 90931770
820 5 91265270
821 5 91832050
822 5 92144950
823 5 92396340
824 5 94106940
825 5 95224550
826 5 95300320
827 5 95504710
828 5 95687600
829 5 95747650
830 5 97053000
831 5 98042950
832 5 98489680
833 5 99349450
834 5 99545420
835 5 99941070
