1 0 0
2 0 0
3 0 0
4 0 0
5 0 0
6 0 0
7 0 0
8 0 0
9 0 0
10 0 0
11 0 0
12 0 0
13 0 0
14 0 0
15 0 0
16 0 0
17 0 0
18 0 0
19 0 0
20 0 0
21 0 0
22 0 0
23 0 0
24 0 0
25 0 0
26 0 0
27 0 0
28 0 0
29 0 0
30 0 0
31 0 0
32 0 0
33 0 0
34 0 0
35 0 0
36 0 0
37 0 0
38 0 0
39 0 0
40 0 0
41 0 0
42 0 0
43 0 0
44 0 0
45 0 0
46 0 0
47 0 0
48 0 0
49 0 0
50 0 0
51 0 0
52 0 0
53 0 0
54 0 0
55 0 0
56 0 0
57 0 0
58 0 0
59 0 0
60 0 0
61 0 0
62 0 0
63 0 0
64 0 0
65 0 0
66 0 0
67 0 0
68 0 0
69 0 0
70 0 0
71 0 0
72 0 0
73 0 0
74 0 0
75 0 0
76 0 0
77 0 0
78 0 0
79 0 0
80 0 0
81 0 0
82 0 0
83 0 0
84 0 0
85 0 0
86 0 0
87 0 0
88 0 0
89 0 0
90 0 0
91 0 0
92 0 0
93 0 0
94 0 0
95 0 0
96 0 0
97 0 0
98 0 0
99 0 0
100 0 0
101 0 0
102 0 0
103 0 0
104 0 0
105 0 0
106 0 0
107 0 0
108 0 0
109 0 0
110 0 0
111 0 0
112 0 0
113 0 0
114 0 0
115 0 0
116 0 0
117 0 0
118 0 0
119 0 0
120 0 0
121 0 0
122 0 0
123 0 0
124 0 0
125 0 0
126 0 0
127 0 0
128 0 0
129 0 0
130 0 0
131 0 0
132 0 0
133 0 0
134 0 0
135 0 0
136 0 0
137 0 0
138 0 0
139 0 0
140 0 0
141 0 0
142 0 0
143 0 0
144 0 0
145 0 0
146 0 0
147 0 0
148 0 0
149 0 0
150 0 0
151 0 0
152 0 0
153 0 0
154 0 0
155 0 0
156 0 0
157 0 0
158 0 0
159 0 0
160 0 0
161 0 0
162 0 0
163 0 0
164 0 0
165 0 0
166 0 0
167 0 0
168 0 0
169 0 0
170 0 0
171 0 0
172 0 0
173 0 0
174 0 0
175 0 0
176 0 0
177 0 0
178 0 0
179 0 0
180 0 0
181 0 0
182 0 0
183 0 0
184 0 0
185 0 0
186 0 0
187 0 0
188 0 0
189 0 0
190 0 0
191 0 0
192 0 0
193 0 0
194 0 0
195 0 0
196 0 0
197 0 0
198 0 0
199 0 0
200 0 0
201 0 0
202 0 0
203 0 0
204 0 0
205 0 0
206 0 0
207 0 0
208 0 0
209 0 0
210 0 0
211 0 0
212 0 0
213 0 0
214 0 0
215 0 0
216 0 0
217 0 0
218 0 0
219 0 0
220 0 0
221 0 0
222 0 0
223 0 0
224 0 0
225 0 0
226 0 0
227 0 0
228 0 0
229 0 0
230 0 0
231 0 0
232 0 0
233 0 0
234 0 0
235 0 0
236 0 0
237 0 0
238 0 0
239 0 0
240 0 0
241 0 0
242 0 0
243 0 0
244 0 0
245 0 0
246 0 0
247 0 0
248 0 0
249 0 0
250 0 0
251 0 0
252 0 0
253 0 0
254 0 0
255 0 0
256 0 0
257 0 0
258 0 0
259 0 0
260 0 0
261 0 0
262 0 0
263 0 0
264 0 0
265 0 0
266 0 0
267 0 0
268 0 0
269 0 0
270 0 0
271 0 0
272 0 0
273 0 0
274 0 0
275 0 0
276 0 0
277 0 0
278 0 0
279 0 0
280 0 0
281 0 0
282 0 0
283 0 0
284 0 0
285 0 0
286 0 0
287 0 0
288 0 0
289 0 0
290 0 0
291 0 0
292 0 0
293 0 0
294 0 0
295 0 0
296 0 0
297 0 0
298 0 0
299 0 0
300 0 0
301 0 0
302 0 0
303 0 0
304 0 0
305 0 0
306 0 0
307 0 0
308 0 0
309 0 0
310 0 0
311 0 0
312 0 0
313 0 0
314 0 0
315 0 0
316 0 0
317 0 0
318 0 0
319 0 0
320 0 0
321 0 0
322 0 0
323 0 0
324 0 0
325 0 0
326 0 0
327 0 0
328 0 0
329 0 0
330 0 0
331 0 0
332 0 0
333 0 0
334 0 0
335 0 0
336 0 0
337 0 0
338 0 0
339 0 0
340 0 0
341 0 0
342 0 0
343 0 0
344 0 0
345 0 0
346 0 0
347 0 0
348 0 0
349 0 0
350 0 0
351 0 0
352 0 0
353 0 0
354 0 0
355 0 0
356 0 0
357 0 0
358 0 0
359 0 0
360 0 0
361 0 0
362 0 0
363 0 0
364 0 0
365 0 0
366 0 0
367 0 0
368 0 0
369 0 0
370 0 0
371 0 0
372 0 0
373 0 0
374 0 0
375 0 0
376 0 0
377 0 0
378 0 0
379 0 0
380 0 0
381 0 0
382 0 0
383 0 0
384 0 0
385 0 0
386 0 0
387 0 0
388 0 0
389 0 0
390 0 0
391 0 0
392 0 0
393 0 0
394 0 0
395 0 0
396 0 0
397 0 0
398 0 0
399 0 0
400 0 0
401 0 0
402 0 0
403 0 0
404 0 0
405 0 0
406 0 0
407 0 0
408 0 0
409 0 0
410 0 0
411 0 0
412 0 0
413 0 0
414 0 0
415 0 0
416 0 0
417 0 0
418 0 0
419 0 0
420 0 0
421 0 0
422 0 0
423 0 0
424 0 0
425 0 0
426 0 0
427 0 0
428 0 0
429 0 0
430 0 0
431 0 0
432 0 0
433 0 0
434 0 0
435 0 0
436 0 0
437 0 0
438 0 0
439 0 0
440 0 0
441 0 0
442 0 0
443 0 0
444 0 0
445 0 0
446 0 0
447 0 0
448 0 0
449 0 0
450 0 0
451 0 0
452 0 0
453 0 0
454 0 0
455 0 0
456 0 0
457 0 0
458 0 0
459 0 0
460 0 0
461 0 0
462 0 0
463 0 0
464 0 0
465 0 0
466 0 0
467 0 0
468 0 0
469 0 0
470 0 0
471 0 0
472 0 0
473 0 0
474 0 0
475 0 0
476 0 0
477 0 0
478 0 0
479 0 0
480 0 0
481 0 0
482 0 0
483 0 0
484 0 0
485 0 0
486 0 0
487 0 0
488 0 0
489 0 0
490 0 0
491 0 0
492 0 0
493 0 0
494 0 0
495 0 0
496 0 0
497 0 0
498 0 0
499 0 0
500 0 0
501 0 0
502 0 0
503 0 0
504 0 0
505 0 0
506 0 0
507 0 0
508 0 0
509 0 0
510 0 0
511 0 0
512 0 0
513 0 0
514 0 0
515 0 0
516 0 0
517 0 0
518 0 0
519 0 0
520 0 0
521 0 0
522 0 0
523 0 0
524 0 0
525 0 0
526 0 0
527 0 0
528 0 0
529 0 0
530 0 0
531 0 0
532 0 0
533 0 0
534 0 0
535 0 0
536 0 0
537 0 0
538 0 0
539 0 0
540 0 0
541 0 0
542 0 0
543 0 0
544 0 0
545 0 0
546 0 0
547 0 0
548 0 0
549 0 0
550 0 0
551 24 107
552 24 253
553 24 484
554 24 484
555 24 89
556 24 91
557 24 90
558 24 435
559 24 435
560 24 317
561 24 74
562 24 152
563 1 182
564 1 450
565 1 293
566 1 87
567 1 157
568 1 157
569 1 350
570 1 338
571 1 281
572 1 495
573 1 425
574 6 219
575 6 415
576 6 438
577 6 496
578 6 496
579 6 52
580 6 440
581 6 224
582 6 224
583 6 148
584 6 163
585 6 387
586 6 387
587 19 360
588 19 447
589 19 447
590 19 401
591 19 206
592 19 213
593 19 191
594 19 430
595 19 466
596 19 199
597 19 234
598 47 187
599 47 187
600 47 123
601 47 329
602 47 173
603 47 220
604 47 174
605 47 75
606 47 502
607 47 502
608 47 537
609 47 374
610 3 189
611 3 354
612 3 372
613 3 57
614 3 291
615 3 291
616 3 526
617 3 526
618 3 98
619 3 256
620 3 134
621 3 521
622 9 483
623 9 260
624 9 260
625 9 420
626 9 316
627 9 452
628 9 112
629 9 443
630 9 322
631 9 519
632 9 525
633 8 388
634 8 208
635 8 319
636 8 319
637 8 142
638 8 285
639 8 367
640 8 254
641 8 254
642 8 82
643 8 385
644 8 544
645 46 476
646 46 137
647 46 246
648 46 246
649 46 382
650 46 344
651 46 485
652 46 58
653 46 58
654 46 396
655 46 468
656 46 210
657 46 210
658 40 305
659 40 516
660 40 473
661 40 108
662 40 515
663 40 517
664 40 514
665 40 331
666 40 258
667 40 198
668 41 136
669 41 225
670 41 225
671 41 139
672 41 250
673 41 314
674 41 159
675 41 159
676 41 426
677 41 351
678 41 61
679 41 433
680 2 357
681 2 439
682 2 105
683 2 479
684 2 116
685 2 158
686 2 158
687 2 125
688 2 125
689 2 380
690 2 168
691 2 168
692 2 140
693 38 312
694 38 312
695 38 217
696 38 166
697 38 520
698 38 100
699 38 100
700 38 480
701 38 480
702 38 501
703 38 501
704 38 492
705 38 313
706 38 298
707 39 295
708 39 376
709 39 376
710 39 306
711 39 60
712 39 463
713 39 333
714 39 471
715 39 230
716 39 80
717 39 83
718 22 289
719 22 289
720 22 265
721 22 489
722 22 244
723 22 244
724 22 543
725 22 543
726 22 194
727 22 81
728 22 505
729 22 127
730 22 147
731 48 62
732 48 462
733 48 462
734 48 177
735 48 177
736 48 366
737 48 366
738 48 327
739 48 347
740 48 347
741 48 547
742 48 122
743 48 92
744 48 278
745 23 183
746 23 416
747 23 455
748 23 458
749 23 241
750 23 328
751 23 328
752 23 394
753 23 394
754 23 95
755 23 95
756 23 196
757 23 428
758 33 227
759 33 111
760 33 386
761 33 284
762 33 284
763 33 209
764 33 209
765 33 453
766 33 453
767 33 65
768 33 248
769 33 276
770 33 276
771 33 429
772 17 478
773 17 538
774 17 195
775 17 195
776 17 499
777 17 320
778 17 402
779 17 247
780 17 247
781 17 287
782 17 287
783 17 222
784 17 222
785 17 273
786 17 273
787 12 529
788 12 126
789 12 442
790 12 304
791 12 523
792 12 145
793 12 145
794 12 162
795 12 162
796 12 79
797 12 79
798 12 406
799 12 406
800 12 263
801 12 263
802 7 297
803 7 377
804 7 377
805 7 156
806 7 64
807 7 283
808 7 358
809 7 423
810 7 99
811 7 181
812 7 434
813 34 397
814 34 384
815 34 384
816 34 203
817 34 545
818 34 144
819 34 165
820 34 197
821 34 197
822 34 218
823 34 346
824 34 346
825 34 363
826 35 550
827 35 375
828 35 417
829 35 171
830 35 359
831 35 76
832 35 340
833 35 381
834 35 381
835 35 365
836 35 365
837 35 498
838 37 118
839 37 243
840 37 451
841 37 353
842 37 427
843 37 63
844 37 533
845 37 310
846 37 69
847 37 214
848 32 445
849 32 432
850 32 175
851 32 205
852 32 371
853 32 477
854 32 488
855 32 232
856 32 264
857 32 264
858 32 301
859 26 71
860 26 78
861 26 436
862 26 470
863 26 470
864 26 528
865 26 528
866 26 431
867 26 548
868 26 160
869 26 160
870 26 369
871 26 403
872 26 403
873 11 201
874 11 362
875 11 392
876 11 392
877 11 121
878 11 527
879 11 527
880 11 150
881 11 486
882 11 486
883 11 290
884 11 270
885 11 270
886 11 255
887 18 94
888 18 94
889 18 146
890 18 490
891 18 236
892 18 464
893 18 318
894 18 373
895 18 73
896 18 418
897 18 326
898 18 326
899 36 102
900 36 226
901 36 106
902 36 296
903 36 115
904 36 72
905 36 56
906 36 267
907 36 169
908 36 257
909 15 133
910 15 130
911 15 130
912 15 364
913 15 334
914 15 518
915 15 518
916 15 67
917 15 424
918 15 216
919 15 272
920 15 272
921 15 408
922 5 413
923 5 309
924 5 309
925 5 412
926 5 352
927 5 352
928 5 303
929 5 308
930 5 308
931 5 513
932 5 540
933 5 540
934 5 66
935 5 66
936 5 508
937 27 266
938 27 539
939 27 472
940 27 141
941 27 141
942 27 355
943 27 361
944 27 407
945 27 275
946 27 507
947 27 511
948 16 280
949 16 279
950 16 223
951 16 120
952 16 541
953 16 271
954 16 271
955 16 104
956 16 459
957 16 337
958 16 110
959 13 93
960 13 93
961 13 86
962 13 475
963 13 421
964 13 161
965 13 149
966 13 228
967 13 178
968 13 482
969 13 509
970 21 59
971 21 59
972 21 390
973 21 487
974 21 249
975 21 294
976 21 302
977 21 345
978 21 345
979 21 506
980 21 124
981 21 97
982 4 192
983 4 237
984 4 336
985 4 229
986 4 395
987 4 395
988 4 437
989 4 277
990 4 190
991 4 323
992 4 299
993 4 299
994 10 449
995 10 341
996 10 383
997 10 383
998 10 101
999 10 88
1000 10 155
1001 10 500
1002 10 549
1003 10 549
1004 10 311
1005 10 446
1006 50 370
1007 50 370
1008 50 269
1009 50 261
1010 50 70
1011 50 184
1012 50 184
1013 50 103
1014 50 530
1015 50 530
1016 50 170
1017 50 391
1018 50 391
1019 50 68
1020 28 411
1021 28 179
1022 28 179
1023 28 342
1024 28 84
1025 28 84
1026 28 497
1027 28 292
1028 28 467
1029 28 143
1030 28 212
1031 28 393
1032 14 128
1033 14 368
1034 14 332
1035 14 457
1036 14 457
1037 14 503
1038 14 503
1039 14 167
1040 14 493
1041 14 154
1042 14 324
1043 14 129
1044 31 378
1045 31 132
1046 31 200
1047 31 315
1048 31 164
1049 31 474
1050 31 274
1051 31 300
1052 31 193
1053 31 193
1054 31 465
1055 45 77
1056 45 188
1057 45 239
1058 45 131
1059 45 176
1060 45 117
1061 45 55
1062 45 55
1063 45 400
1064 45 221
1065 45 321
1066 44 419
1067 44 135
1068 44 349
1069 44 204
1070 44 204
1071 44 51
1072 44 252
1073 44 531
1074 44 379
1075 44 114
1076 44 444
1077 42 399
1078 42 399
1079 42 524
1080 42 138
1081 42 456
1082 42 233
1083 42 153
1084 42 153
1085 42 235
1086 42 461
1087 42 245
1088 42 405
1089 29 494
1090 29 398
1091 29 259
1092 29 491
1093 29 202
1094 29 113
1095 29 356
1096 29 307
1097 29 180
1098 29 180
1099 29 238
1100 20 251
1101 20 409
1102 20 512
1103 20 172
1104 20 286
1105 20 546
1106 20 389
1107 20 288
1108 20 215
1109 20 215
1110 20 330
1111 49 532
1112 49 410
1113 49 534
1114 49 207
1115 49 404
1116 49 522
1117 49 186
1118 49 211
1119 49 231
1120 49 542
1121 25 335
1122 25 242
1123 25 504
1124 25 119
1125 25 343
1126 25 343
1127 25 96
1128 25 441
1129 25 510
1130 25 535
1131 25 240
1132 43 282
1133 43 282
1134 43 414
1135 43 339
1136 43 339
1137 43 325
1138 43 325
1139 43 454
1140 43 85
1141 43 54
1142 43 54
1143 43 460
1144 43 422
1145 43 422
1146 43 469
1147 43 469
1148 30 448
1149 30 448
1150 30 268
1151 30 151
1152 30 481
1153 30 536
1154 30 53
1155 30 185
1156 30 262
1157 30 109
1158 30 348
1159 35 335
1160 35 335
1161 1051 495
1162 936 242
1163 839 310
1164 29 802
1165 29 802
1166 1082 106
1167 1084 912
1168 909 222
1169 909 222
1170 954 116
1171 45 285
1172 18 125
1173 7 349
1174 7 349
1175 556 138
1176 1051 811
1177 601 292
1178 14 898
1179 958 100
1180 954 133
1181 981 58
1182 9 544
1183 19 65
1184 24 452
1185 18 426
1186 21 96
1187 19 1085
1188 955 172
1189 37 415
1190 37 415
1191 605 928
1192 605 928
1193 13 198
1194 955 306
1195 39 603
1196 7 340
1197 958 386
1198 12 425
1199 722 432
1200 577 551
1201 39 51
1202 953 220
1203 35 358
1204 35 358
1205 601 633
1206 577 923
1207 6 301
1208 955 444
1209 41 267
1210 12 434
1211 24 407
1212 22 309
1213 559 769
1214 909 957
1215 1082 504
1216 20 252
1217 958 60
1218 954 1048
1219 601 278
1220 16 681
1221 27 376
1222 47 699
1223 954 78
1224 601 75
1225 22 418
1226 22 418
1227 42 528
1228 27 506
1229 37 443
1230 29 355
1231 12 449
1232 22 583
1233 22 583
1234 46 518
1235 1082 590
1236 1084 475
1237 955 83
1238 955 83
1239 1082 82
1240 839 1098
1241 577 463
1242 46 462
1243 31 149
1244 27 404
1245 27 404
1246 722 399
1247 953 323
1248 953 323
1249 926 1046
1250 926 1046
1251 35 1064
1252 39 173
1253 758 316
1254 33 1110
1255 955 501
1256 20 226
1257 909 276
1258 29 146
1259 19 428
1260 28 246
1261 909 98
1262 46 716
1263 46 716
1264 42 974
1265 42 974
1266 5 334
1267 5 334
1268 16 119
1269 16 119
1270 19 80
1271 19 80
1272 27 280
1273 1084 165
1274 7 171
1275 37 206
1276 601 188
1277 953 274
1278 601 231
1279 909 112
1280 953 430
1281 758 487
1282 758 487
1283 47 412
1284 33 550
1285 29 232
1286 15 575
1287 32 76
1288 1 460
1289 1084 261
1290 1084 261
1291 33 203
1292 1082 805
1293 12 437
1294 12 437
1295 28 402
1296 953 213
1297 45 233
1298 45 233
1299 9 264
1300 7 565
1301 936 181
1302 936 181
1303 1051 338
1304 32 262
1305 22 162
1306 6 191
1307 909 763
1308 980 251
1309 980 251
1310 953 420
1311 14 236
1312 559 99
1313 27 538
1314 16 602
1315 45 56
1316 19 131
1317 32 336
1318 37 273
1319 27 498
1320 6 142
1321 41 482
1322 9 372
1323 9 372
1324 39 766
1325 42 332
1326 14 325
1327 14 325
1328 9 120
1329 9 120
1330 926 673
1331 32 960
1332 605 972
1333 605 972
1334 14 832
1335 14 832
1336 47 464
1337 1 828
1338 5 243
1339 980 645
1340 32 207
1341 601 405
1342 39 1065
1343 758 193
1344 16 1078
1345 953 505
1346 32 69
1347 18 383
1348 18 383
1349 47 930
1350 47 930
1351 1 127
1352 981 123
1353 19 502
1354 19 502
1355 31 508
1356 958 223
1357 12 205
1358 1084 221
1359 839 541
1360 1 759
1361 1 759
1362 936 390
1363 936 390
1364 28 229
1365 955 68
1366 24 388
1367 24 388
1368 981 250
1369 18 217
1370 13 129
1371 9 496
1372 19 435
1373 33 1060
1374 559 297
1375 559 297
1376 1084 530
1377 758 379
1378 33 347
1379 47 1153
1380 47 1153
1381 722 117
1382 46 534
1383 5 440
1384 39 546
1385 9 714
1386 14 609
1387 14 609
1388 18 400
1389 24 547
1390 46 235
1391 980 387
1392 45 374
1393 1084 416
1394 1082 369
1395 21 113
1396 28 455
1397 953 315
1398 559 827
1399 18 527
1400 758 305
1401 758 305
1402 15 239
1403 980 176
1404 13 63
1405 14 398
1406 722 314
1407 758 255
1408 758 255
1409 18 237
1410 18 237
1411 14 53
1412 32 211
1413 955 322
1414 981 1042
1415 981 1042
1416 16 1047
1417 1 151
1418 556 484
1419 5 499
1420 722 406
1421 722 406
1422 936 513
1423 22 472
1424 12 210
1425 605 270
1426 559 770
1427 31 535
1428 577 459
1429 577 459
1430 722 598
1431 601 67
1432 41 393
1433 9 326
1434 926 878
1435 1051 308
1436 7 471
1437 35 403
1438 35 403
1439 32 269
1440 14 134
1441 1082 257
1442 839 329
1443 21 299
1444 605 290
1445 46 199
1446 47 1062
1447 47 1062
1448 981 200
1449 981 200
1450 42 163
1451 42 163
1452 22 470
1453 22 470
1454 42 973
1455 42 973
1456 47 413
1457 6 456
1458 6 456
1459 559 244
1460 559 244
1461 41 288
1462 22 380
1463 22 380
1464 16 520
1465 20 710
1466 20 710
1467 46 847
1468 21 177
1469 21 177
1470 758 519
1471 556 291
1472 29 95
1473 35 1033
1474 45 208
1475 27 111
1476 926 320
1477 839 66
1478 839 66
1479 12 143
1480 29 281
1481 980 1050
1482 7 578
1483 21 831
1484 20 73
1485 24 178
1486 22 91
1487 39 86
1488 39 86
1489 35 108
1490 42 507
1491 1051 483
1492 1051 483
1493 839 421
1494 909 585
1495 22 295
1496 556 510
1497 605 561
1498 15 392
1499 35 794
1500 35 794
1501 758 492
1502 758 492
1503 37 215
1504 980 363
1505 39 627
1506 1084 279
1507 13 328
1508 926 331
1509 47 717
1510 47 717
1511 559 350
1512 9 410
1513 28 375
1514 24 104
1515 45 124
1516 31 401
1517 16 93
1518 980 224
1519 980 480
1520 5 218
1521 5 218
1522 18 599
1523 35 446
1524 839 451
1525 954 97
1526 46 71
1527 46 71
1528 39 368
1529 15 275
1530 980 313
1531 6 272
1532 1084 952
1533 33 209
1534 33 209
1535 24 1137
1536 24 1137
1537 37 271
1538 20 225
1539 722 219
1540 13 851
1541 20 139
1542 958 540
1543 1 1045
1544 12 132
1545 27 562
1546 15 212
1547 926 653
1548 5 303
1549 936 153
1550 839 384
1551 13 144
1552 42 216
1553 41 128
1554 958 548
1555 16 494
1556 953 186
1557 31 64
1558 31 248
1559 954 479
1560 37 190
1561 37 190
1562 839 360
1563 42 491
1564 577 324
1565 758 238
1566 1051 107
1567 14 1145
1568 20 318
1569 559 447
1570 936 341
1571 1082 448
1572 21 362
1573 28 114
1574 955 354
1575 31 631
1576 31 631
1577 28 254
1578 909 241
1579 28 382
1580 33 88
1581 29 516
1582 981 373
1583 19 488
1584 37 515
1585 954 366
1586 39 650
1587 20 431
1588 954 180
1589 601 204
1590 45 300
1591 6 55
1592 32 240
1593 32 240
1594 909 253
1595 909 253
1596 958 925
1597 958 925
1598 577 286
1599 1051 70
1600 31 768
1601 936 522
1602 955 227
1603 955 852
1604 605 381
1605 559 330
1606 28 1063
1607 33 545
1608 12 245
1609 601 581
1610 936 521
1611 936 521
1612 21 457
1613 926 626
1614 926 626
1615 909 101
1616 980 148
1617 29 622
1618 7 293
1619 47 260
1620 47 260
1621 6 361
1622 556 438
1623 28 137
1624 28 137
1625 936 256
1626 5 453
1627 45 378
1628 22 266
1629 9 150
1630 29 461
1631 15 321
1632 556 458
1633 556 458
1634 14 102
1635 1 1028
1636 981 951
1637 46 979
1638 46 879
1639 958 74
1640 981 607
1641 722 353
1642 758 558
1643 1051 370
1644 18 141
1645 20 333
1646 24 1097
1647 13 343
1648 45 352
1649 981 397
1650 41 1092
1651 559 848
1652 37 367
1653 7 187
1654 33 345
1655 1 296
1656 605 445
1657 6 497
1658 16 467
1659 577 147
1660 42 892
1661 20 436
1662 20 436
1663 605 838
1664 605 838
1665 15 179
1666 19 109
1667 577 624
1668 1 294
1669 556 182
1670 556 182
1671 1 377
1672 1 377
1673 41 287
1674 981 359
1675 29 489
1676 29 489
1677 556 411
1678 9 189
1679 24 514
1680 13 265
1681 33 394
1682 15 924
1683 839 509
1684 6 371
1685 722 493
1686 722 493
1687 12 152
1688 12 152
1689 13 830
1690 27 311
1691 27 311
1692 18 490
1693 15 121
1694 15 121
1695 16 915
1696 45 396
1697 954 523
1698 556 837
1699 556 837
1700 37 327
1701 958 259
1702 926 201
1703 954 485
1704 1084 258
1705 556 481
1706 556 481
1707 953 89
1708 953 89
1709 31 473
1710 41 1024
1711 41 1024
1712 19 115
1713 1051 978
1714 5 77
1715 5 77
1716 31 214
1717 35 130
1718 577 417
1719 41 536
1720 958 524
1721 958 524
1722 21 606
1723 605 156
1724 605 156
1725 42 466
1726 42 466
1727 7 422
1728 1051 833
1729 13 126
1730 35 414
1731 35 414
1732 15 427
1733 926 500
1734 1082 169
1735 577 183
1736 605 439
1737 926 184
1738 21 110
1739 41 118
1740 47 477
1741 47 477
1742 722 277
1743 5 247
1744 5 247
1745 936 468
1746 936 468
1747 32 554
1748 1082 344
1749 1082 344
1750 21 164
1751 6 160
1752 24 454
1753 27 249
1754 5 348
1755 7 364
